87
1 336 50 48.2
2 264 11 30.3
3 715 25 68.5
4 127 39 55.0
5 1167 42 55.5
6 153 18 71.6
7 602 45 94.7
8 75 39 0.7
9 462 19 38.4
10 786 3 22.9
11 388 38 19.2
12 110 3 56.5
13 1377 26 39.2
14 153 39 52.9
15 612 31 76.9
16 226 32 43.3
17 545 11 79.3
18 755 58 55.0
19 1271 54 33.9
20 807 16 67.5
21 1128 38 96.1
22 142 27 67.0
23 422 51 33.0
24 480 47 22.7
25 183 50 56.2
26 410 9 17.8
27 1342 15 51.6
28 274 8 70.6
29 504 37 12.6
30 43 58 54.5
31 746 28 17.5
32 624 1 86.2
33 869 43 88.6
34 1296 31 87.7
35 706 15 2.7
36 1296 21 51.5
37 1278 4 61.6
38 1415 6 70.2
39 442 58 37.5
40 810 22 24.9
41 1280 40 21.2
42 108 49 5.4
43 391 6 35.7
44 1267 8 92.5
45 826 30 79.4
46 548 13 89.5
47 1069 21 32.5
48 200 45 21.1
49 628 31 68.5
50 320 32 10.2
51 408 23 90.6
52 1037 47 59.0
53 50 30 84.9
54 940 55 4.9
55 524 57 86.6
56 359 22 44.1
57 973 56 57.9
58 1348 47 17.3
59 431 51 60.5
60 730 6 38.8
61 78 40 55.1
62 221 49 69.5
63 251 53 49.4
64 1142 27 77.4
65 38 1 14.3
66 400 11 66.3
67 1298 32 15.8
68 1322 10 5.0
69 473 4 54.7
70 93 26 55.8
71 540 25 72.7
72 914 13 29.4
73 1062 18 13.3
74 834 32 51.1
75 794 7 18.1
76 1411 25 28.1
77 131 30 97.7
78 1115 1 71.9
79 721 11 52.9
80 1098 16 89.0
81 66 28 79.4
82 919 11 12.7
83 39 15 95.9
84 1065 30 98.0
85 309 15 66.0
86 728 44 82.1
87 250 40 1.2
