80
1 554 44 67.5
2 1318 33 5.4
3 1105 55 19.0
4 248 57 85.5
5 430 26 72.1
6 489 25 90.1
7 1122 37 52.7
8 344 43 84.5
9 1109 33 3.6
10 1321 57 52.6
11 1025 18 11.4
12 276 13 32.7
13 183 24 64.1
14 697 56 64.8
15 1352 52 35.7
16 1148 20 40.1
17 6 51 77.8
18 517 35 84.7
19 295 27 4.1
20 742 58 81.5
21 553 29 4.6
22 1315 2 68.0
23 937 24 24.2
24 92 33 17.6
25 949 32 21.3
26 685 28 74.2
27 304 11 40.8
28 1312 15 34.8
29 145 23 52.7
30 884 37 4.1
31 742 51 20.3
32 1351 10 54.2
33 212 13 43.7
34 535 55 34.1
35 1003 7 54.6
36 1020 47 90.3
37 352 21 68.9
38 493 36 1.6
39 1287 26 94.6
40 1075 57 30.2
41 942 29 7.6
42 484 31 8.1
43 1328 55 87.1
44 1364 20 98.2
45 1095 43 44.9
46 1116 19 13.3
47 1233 45 59.1
48 982 59 85.2
49 703 30 28.7
50 217 11 29.8
51 921 41 77.4
52 177 42 2.4
53 681 58 92.7
54 528 35 75.4
55 282 57 34.9
56 32 55 9.6
57 163 2 38.1
58 497 50 38.3
59 216 46 59.5
60 1337 21 92.4
61 510 51 24.1
62 20 12 64.5
63 1340 58 69.9
64 628 7 25.5
65 1437 53 87.8
66 844 49 72.2
67 1236 37 63.7
68 207 28 28.0
69 1168 51 64.8
70 176 38 24.4
71 346 54 77.7
72 114 27 8.3
73 590 44 23.7
74 32 23 32.4
75 1072 1 59.2
76 1138 43 0.9
77 202 36 17.3
78 1099 11 84.1
79 1184 26 94.5
80 694 50 24.4
