81
1 159 20 95.9
2 561 58 32.1
3 1375 55 85.7
4 941 20 34.7
5 102 53 16.1
6 1159 55 12.6
7 1399 9 12.3
8 1103 10 58.4
9 990 37 50.9
10 44 13 15.0
11 538 49 0.6
12 1308 8 57.6
13 482 35 33.8
14 377 21 22.2
15 390 26 43.0
16 206 31 20.7
17 636 40 75.1
18 406 5 73.8
19 23 45 13.0
20 694 3 56.9
21 376 39 41.9
22 1012 10 54.1
23 487 16 85.9
24 823 33 20.9
25 511 42 67.2
26 565 1 47.6
27 1273 6 2.8
28 982 35 92.2
29 397 56 85.5
30 492 9 38.0
31 1080 15 76.0
32 1239 53 75.3
33 1026 9 19.2
34 267 28 32.0
35 741 35 29.8
36 1220 50 92.5
37 85 34 85.6
38 1295 25 45.3
39 928 3 92.7
40 1439 9 30.4
41 303 39 47.5
42 70 48 14.0
43 711 34 22.5
44 692 3 10.0
45 1336 20 6.7
46 187 46 44.0
47 501 4 65.3
48 1216 29 43.8
49 617 33 7.8
50 1223 13 69.5
51 505 26 50.8
52 1069 34 76.0
53 317 9 79.8
54 677 15 66.6
55 505 40 91.4
56 1107 3 90.3
57 1043 22 94.4
58 1363 4 78.8
59 89 44 4.9
60 251 11 82.9
61 689 41 60.5
62 479 28 52.0
63 968 6 5.2
64 669 2 47.6
65 689 2 44.2
66 964 26 48.5
67 566 34 77.8
68 186 5 59.9
69 175 45 23.5
70 620 31 90.0
71 1051 30 92.1
72 733 34 15.0
73 316 30 49.1
74 128 27 71.7
75 49 23 31.9
76 1178 21 49.9
77 527 58 68.6
78 636 14 32.1
79 1402 27 46.7
80 747 44 74.2
81 1155 22 17.4
