98
1 1176 59 81.9
2 398 16 10.4
3 95 38 89.4
4 788 14 80.3
5 243 20 5.2
6 1037 28 47.4
7 671 10 60.7
8 1406 20 15.7
9 905 14 10.7
10 223 14 46.7
11 931 58 37.1
12 681 57 75.6
13 415 21 14.0
14 962 45 97.7
15 45 47 71.9
16 712 26 28.6
17 63 49 90.1
18 1234 26 14.9
19 905 43 62.6
20 655 17 93.1
21 857 25 46.0
22 1194 32 19.3
23 229 53 10.0
24 1023 11 63.6
25 1388 50 73.2
26 717 55 50.4
27 1131 3 22.8
28 1264 26 98.5
29 1157 51 75.2
30 125 9 81.3
31 1338 7 3.4
32 467 9 47.7
33 1085 6 90.2
34 684 36 8.5
35 349 39 82.9
36 740 25 64.9
37 907 22 68.1
38 1333 35 74.7
39 983 33 23.2
40 60 17 38.3
41 1345 59 62.5
42 718 20 3.0
43 1233 23 91.8
44 421 44 58.0
45 215 41 28.1
46 250 4 87.5
47 103 41 26.5
48 922 6 11.6
49 1174 32 90.1
50 204 3 72.2
51 45 34 98.6
52 202 39 97.0
53 772 54 63.2
54 141 57 6.8
55 689 49 80.8
56 778 20 22.3
57 797 52 73.1
58 796 46 55.4
59 1212 23 64.5
60 1016 2 10.2
61 1184 14 68.2
62 158 37 76.1
63 949 35 15.6
64 685 54 35.3
65 1355 37 93.2
66 997 47 45.0
67 1188 31 0.7
68 1268 27 91.1
69 250 42 27.9
70 1000 49 96.1
71 241 56 2.2
72 927 22 42.1
73 174 10 30.4
74 1363 32 48.8
75 88 28 23.1
76 659 17 95.6
77 1367 50 63.4
78 1096 21 9.7
79 97 24 26.9
80 319 51 28.4
81 239 26 28.5
82 646 42 72.8
83 760 44 36.2
84 1090 12 75.8
85 883 10 22.2
86 619 18 74.9
87 1170 37 35.7
88 915 59 92.6
89 804 5 65.1
90 1247 43 2.5
91 1052 5 57.8
92 564 52 85.3
93 1343 43 72.5
94 992 58 64.7
95 1120 17 34.0
96 73 59 7.4
97 1228 7 75.8
98 934 22 58.3
