83
1 174 42 53.5
2 839 55 74.5
3 1410 56 71.9
4 918 35 29.2
5 631 20 61.0
6 52 37 90.7
7 182 2 88.9
8 682 14 23.5
9 517 47 80.4
10 372 28 55.9
11 554 58 50.3
12 1400 15 34.7
13 1167 6 77.0
14 933 44 58.2
15 143 29 53.0
16 217 2 75.1
17 502 40 58.1
18 343 11 72.3
19 1261 48 30.9
20 107 56 65.1
21 1286 39 40.6
22 894 28 94.5
23 565 48 86.6
24 137 33 26.7
25 37 1 4.7
26 432 17 48.4
27 1414 44 56.5
28 1280 8 66.6
29 810 5 65.2
30 1059 43 66.8
31 197 53 32.2
32 599 34 81.0
33 427 10 93.0
34 174 5 94.5
35 93 39 47.3
36 727 14 32.5
37 453 42 80.3
38 316 20 33.7
39 790 5 79.3
40 938 10 61.0
41 781 9 81.7
42 1073 44 28.6
43 452 34 0.8
44 425 48 16.8
45 465 5 40.8
46 1418 29 56.7
47 398 33 11.9
48 881 20 83.4
49 83 34 95.0
50 4 45 68.4
51 1241 32 81.9
52 1020 3 75.5
53 692 9 48.5
54 704 43 45.0
55 1427 9 98.6
56 1224 48 86.9
57 476 3 65.4
58 1415 57 78.5
59 562 51 72.4
60 280 2 27.5
61 765 30 94.8
62 1431 10 22.5
63 499 54 35.3
64 637 1 39.5
65 599 7 30.5
66 887 48 70.9
67 185 50 13.4
68 295 11 91.7
69 1392 44 10.3
70 1010 41 38.8
71 143 38 68.0
72 541 28 9.0
73 517 41 6.0
74 348 10 18.4
75 483 14 54.4
76 826 2 56.7
77 1155 9 4.8
78 643 51 33.2
79 534 27 37.7
80 1332 19 75.0
81 1066 9 63.4
82 679 50 93.4
83 1000 45 30.8
