86
1 1373 28 36.5
2 1082 35 98.5
3 583 27 23.7
4 465 47 39.7
5 1374 5 78.9
6 916 34 30.6
7 343 52 18.3
8 921 16 92.3
9 1218 49 9.4
10 726 7 69.5
11 1093 44 98.2
12 677 44 87.8
13 148 9 80.6
14 64 33 59.5
15 562 21 25.0
16 1048 33 69.1
17 874 53 2.5
18 783 22 77.9
19 1161 29 13.0
20 673 55 1.4
21 755 11 21.4
22 491 6 77.4
23 1278 5 76.8
24 872 37 87.2
25 116 50 97.5
26 1206 39 14.1
27 107 35 53.4
28 934 37 12.4
29 990 17 89.2
30 1176 41 79.6
31 552 2 91.5
32 98 10 26.2
33 24 2 90.3
34 1254 10 10.6
35 53 14 65.3
36 131 14 89.9
37 395 29 46.6
38 21 9 2.8
39 632 39 87.6
40 1322 33 7.9
41 474 40 68.6
42 124 56 63.2
43 1006 51 28.0
44 1212 53 43.5
45 1374 22 13.2
46 29 44 97.6
47 409 18 2.9
48 1155 30 17.3
49 834 16 18.7
50 173 51 79.4
51 803 53 10.7
52 1308 39 8.6
53 684 43 65.4
54 35 18 52.9
55 1142 55 89.8
56 588 41 97.0
57 1391 22 73.2
58 96 3 75.9
59 822 39 16.2
60 986 35 43.2
61 512 45 42.1
62 119 47 96.2
63 1024 48 31.0
64 1035 51 11.2
65 434 57 52.2
66 284 27 27.9
67 998 25 20.1
68 1329 12 31.7
69 698 26 47.8
70 729 30 95.3
71 1 22 75.1
72 559 11 48.6
73 1038 31 21.0
74 79 16 42.5
75 925 29 32.8
76 1038 53 82.7
77 66 40 53.8
78 248 15 8.5
79 120 9 87.1
80 965 6 84.5
81 384 36 5.0
82 1360 27 37.8
83 601 31 31.0
84 1192 8 66.4
85 601 4 63.3
86 773 22 70.5
