99
1 1438 28 1.5
2 781 23 17.6
3 1204 51 84.2
4 1280 28 76.6
5 176 27 48.1
6 807 38 83.3
7 1375 47 48.0
8 757 4 83.5
9 943 23 17.5
10 1354 55 77.8
11 193 10 77.9
12 182 50 27.9
13 94 48 31.4
14 891 7 35.2
15 1060 45 66.9
16 881 20 94.9
17 719 25 72.6
18 1031 56 30.2
19 1017 29 11.6
20 1425 27 39.2
21 659 22 59.8
22 564 39 34.1
23 171 56 1.6
24 425 5 50.9
25 1073 26 93.0
26 937 35 69.7
27 1175 40 51.4
28 715 40 28.8
29 1348 29 96.9
30 436 9 64.0
31 1181 40 23.1
32 823 56 82.7
33 1233 31 14.6
34 366 7 74.4
35 87 39 47.0
36 583 51 75.1
37 301 48 20.1
38 143 7 85.7
39 1390 16 44.4
40 1220 55 26.9
41 1017 22 80.7
42 511 20 32.4
43 605 12 29.6
44 157 59 84.9
45 746 59 39.0
46 1315 42 21.7
47 411 32 93.6
48 440 22 84.7
49 1072 27 70.4
50 438 42 94.3
51 762 14 96.3
52 323 38 91.1
53 170 39 86.6
54 616 23 33.6
55 299 58 18.0
56 1272 1 44.6
57 435 47 50.5
58 511 56 30.1
59 248 38 29.6
60 305 31 11.5
61 1008 49 74.6
62 692 12 60.8
63 701 53 98.8
64 707 16 63.4
65 547 6 27.6
66 144 50 94.0
67 1283 41 67.6
68 1299 24 22.3
69 1291 32 38.8
70 228 19 6.7
71 374 7 34.4
72 672 36 92.5
73 147 3 12.1
74 40 3 14.2
75 1195 43 97.4
76 1217 18 79.8
77 766 38 70.8
78 1240 57 63.7
79 115 53 46.3
80 1412 1 10.8
81 902 21 47.9
82 576 24 64.1
83 167 41 61.4
84 784 39 40.7
85 969 10 6.5
86 880 48 39.2
87 1200 4 33.4
88 901 32 39.6
89 1408 40 34.8
90 858 12 10.1
91 773 10 22.5
92 61 28 93.6
93 929 26 59.5
94 487 51 21.3
95 555 33 82.3
96 927 50 65.1
97 596 40 26.5
98 704 4 71.4
99 1135 37 5.2
