85
1 542 39 22.5
2 525 43 20.7
3 707 29 87.6
4 121 19 13.2
5 827 9 76.5
6 310 57 17.6
7 188 41 41.4
8 1201 4 80.5
9 1438 13 56.4
10 169 16 35.3
11 1374 10 93.0
12 310 35 92.6
13 213 9 67.1
14 231 31 94.8
15 932 47 12.2
16 1122 7 89.3
17 602 39 67.6
18 57 8 79.7
19 898 51 44.5
20 350 29 3.0
21 1421 19 7.1
22 1111 38 52.0
23 1240 7 99.3
24 393 57 11.4
25 204 44 25.4
26 656 59 96.7
27 421 53 32.1
28 474 45 29.7
29 328 22 32.6
30 760 50 64.2
31 965 20 31.6
32 1394 45 8.1
33 406 11 81.6
34 682 7 78.4
35 61 25 22.9
36 393 34 3.2
37 1233 10 95.6
38 518 54 44.7
39 607 42 61.0
40 378 26 27.6
41 1304 57 1.6
42 472 3 36.1
43 1418 46 35.5
44 118 19 65.5
45 1400 54 81.4
46 15 43 25.7
47 154 9 7.2
48 1401 36 83.2
49 1076 54 84.4
50 1400 7 53.8
51 518 15 95.4
52 525 24 19.4
53 20 48 65.9
54 1088 40 34.5
55 745 12 7.4
56 1167 50 34.0
57 467 17 12.3
58 593 53 29.1
59 262 59 17.2
60 1025 54 12.2
61 188 40 58.3
62 176 10 31.7
63 673 33 71.3
64 499 5 53.1
65 571 48 26.4
66 1394 57 15.0
67 1312 30 38.9
68 913 40 80.4
69 1244 54 66.3
70 209 44 41.3
71 1107 10 64.8
72 83 46 73.5
73 1201 2 5.5
74 1219 4 68.3
75 694 39 61.4
76 547 50 47.5
77 23 50 21.5
78 293 54 94.1
79 947 56 29.4
80 1419 43 85.2
81 219 10 62.6
82 628 47 6.8
83 600 45 98.6
84 344 11 34.4
85 456 44 16.4
