80
1 86 44 59.2
2 1232 16 30.3
3 284 56 63.1
4 512 46 16.3
5 295 13 16.9
6 1230 22 21.9
7 421 20 9.6
8 436 2 36.8
9 1134 20 62.1
10 979 32 74.6
11 497 45 49.5
12 1013 27 75.4
13 528 30 37.1
14 95 3 85.0
15 1154 17 27.4
16 251 42 8.1
17 435 8 92.2
18 166 20 30.7
19 1424 31 93.0
20 610 16 91.0
21 904 19 25.1
22 229 10 56.7
23 1432 46 0.9
24 589 13 20.6
25 1207 28 32.6
26 1360 16 79.0
27 195 20 99.1
28 880 57 68.7
29 662 7 81.1
30 722 36 63.4
31 1100 27 77.1
32 519 37 56.2
33 735 27 7.2
34 1095 28 22.7
35 640 6 49.4
36 853 46 20.2
37 1035 41 15.4
38 444 58 37.3
39 1381 56 36.0
40 1342 27 54.3
41 726 44 81.3
42 126 1 78.2
43 1155 49 76.9
44 830 48 70.3
45 479 34 70.7
46 918 29 11.2
47 459 54 29.8
48 332 20 57.9
49 825 55 27.9
50 1326 22 56.1
51 1184 28 22.6
52 515 1 16.8
53 214 31 79.5
54 1431 10 36.5
55 174 16 60.4
56 726 50 35.7
57 1289 20 17.4
58 706 7 92.0
59 341 28 63.1
60 267 17 70.8
61 712 15 49.5
62 1310 30 41.4
63 806 14 58.0
64 759 28 32.8
65 556 3 2.8
66 263 5 46.5
67 817 41 36.0
68 871 5 45.9
69 984 38 60.7
70 967 53 91.0
71 333 46 94.0
72 895 10 18.4
73 472 17 68.3
74 1403 58 36.7
75 1147 52 64.3
76 868 49 4.9
77 787 23 71.6
78 148 9 79.4
79 463 6 72.6
80 797 49 81.8
