82
1 1291 8 51.5
2 907 6 55.4
3 928 11 84.1
4 571 20 53.6
5 1001 57 64.5
6 310 23 94.2
7 849 41 24.2
8 565 56 79.4
9 532 16 24.1
10 823 34 73.1
11 10 10 33.5
12 121 42 16.9
13 728 55 14.9
14 673 18 65.3
15 781 27 72.2
16 1026 54 69.7
17 74 59 86.8
18 318 30 98.0
19 1025 42 93.1
20 15 1 3.0
21 666 44 63.7
22 315 15 69.8
23 404 11 39.9
24 1093 32 96.4
25 991 15 17.6
26 981 22 25.5
27 323 42 85.1
28 195 12 15.7
29 263 52 40.3
30 206 28 48.1
31 1342 55 93.5
32 1036 15 62.5
33 423 20 79.9
34 526 3 13.5
35 143 25 49.1
36 655 23 4.4
37 1254 4 23.1
38 1012 51 42.0
39 985 40 78.7
40 432 3 39.4
41 139 57 54.7
42 1169 46 73.8
43 1114 28 89.2
44 1090 11 8.6
45 1254 11 24.1
46 1154 6 68.8
47 1043 43 48.2
48 72 21 66.6
49 1401 39 55.2
50 378 9 5.7
51 672 50 5.9
52 387 15 75.9
53 1128 47 44.7
54 61 26 75.3
55 175 32 64.4
56 1128 6 71.2
57 878 36 35.1
58 1088 25 73.0
59 133 49 3.0
60 1318 53 80.6
61 922 9 66.2
62 639 47 46.9
63 1212 51 58.8
64 261 30 57.7
65 1287 27 95.7
66 1404 51 88.3
67 952 6 74.6
68 674 11 9.1
69 911 48 1.5
70 1318 58 40.7
71 1274 27 82.4
72 658 46 14.4
73 176 2 76.1
74 621 39 90.9
75 486 53 57.1
76 465 14 22.0
77 415 45 58.7
78 1257 33 65.9
79 488 6 34.6
80 400 6 40.8
81 282 46 47.0
82 1387 24 80.0
