89
1 125 43 84.8
2 662 40 9.5
3 1366 4 65.4
4 273 4 97.7
5 1387 54 71.2
6 1137 45 3.8
7 1106 29 93.4
8 891 22 16.9
9 329 37 81.9
10 789 5 97.3
11 1226 9 73.1
12 624 28 88.3
13 783 49 70.8
14 1334 32 83.8
15 434 40 28.4
16 316 25 19.6
17 703 41 86.7
18 894 42 67.9
19 440 28 90.5
20 408 58 97.7
21 565 38 51.1
22 602 53 27.6
23 1228 43 97.4
24 1365 37 77.8
25 880 19 66.5
26 347 14 89.0
27 823 56 91.6
28 991 31 41.2
29 367 3 80.3
30 1255 18 47.0
31 1430 8 74.2
32 817 25 94.7
33 676 45 21.0
34 714 28 12.4
35 403 30 83.5
36 89 31 71.0
37 940 35 68.0
38 638 27 32.7
39 854 54 48.2
40 944 34 98.9
41 1327 12 5.3
42 647 56 21.9
43 1353 38 55.7
44 512 39 84.9
45 905 31 49.5
46 173 20 4.1
47 1220 4 80.6
48 938 30 74.6
49 1163 7 56.4
50 1159 34 71.4
51 732 44 48.4
52 206 59 75.6
53 1345 26 64.1
54 895 43 3.0
55 556 38 1.1
56 874 2 29.2
57 1313 8 85.6
58 787 35 56.0
59 86 27 28.0
60 622 6 43.4
61 750 2 88.4
62 106 22 57.9
63 384 59 61.5
64 204 30 75.8
65 1227 14 32.2
66 400 14 66.7
67 1039 55 90.4
68 924 40 96.1
69 1422 19 31.6
70 516 54 15.9
71 864 41 60.6
72 310 51 25.8
73 209 50 4.0
74 1150 6 21.6
75 347 58 15.8
76 1103 37 89.9
77 1172 30 59.4
78 1166 31 14.6
79 981 17 37.0
80 155 14 28.7
81 33 26 11.8
82 631 23 60.0
83 1130 14 39.4
84 232 56 94.7
85 765 8 37.3
86 1113 13 72.3
87 1067 12 75.6
88 1178 27 40.1
89 1118 7 19.4
