132
1 1309 51 51.0
2 749 32 61.6
3 682 41 86.6
4 358 47 94.0
5 1330 42 68.0
6 1372 48 15.0
7 1156 21 78.0
8 962 3 12.7
9 25 12 20.8
10 423 6 87.0
11 91 46 91.6
12 16 40 7.7
13 1047 51 73.7
14 415 37 66.7
15 980 10 98.1
16 1169 40 33.1
17 803 42 79.3
18 1403 50 57.7
19 1378 13 73.7
20 134 36 4.2
21 1123 27 64.8
22 924 54 81.5
23 955 44 58.1
24 778 26 40.4
25 853 15 38.7
26 1312 11 66.9
27 643 37 53.8
28 1298 8 23.9
29 1426 25 83.6
30 623 56 7.2
31 1322 45 41.8
32 180 28 82.3
33 125 43 79.3
34 607 29 4.8
35 709 37 69.0
36 564 55 72.3
37 1274 51 21.2
38 416 56 73.6
39 114 13 19.6
40 1139 15 90.1
41 556 2 52.5
42 72 23 85.5
43 1143 21 12.0
44 455 15 73.8
45 1259 55 2.9
46 143 14 12.8
47 1304 43 43.2
48 248 32 15.0
49 242 47 71.7
50 732 16 71.9
51 509 33 46.4
52 98 30 80.8
53 707 42 46.8
54 1284 19 27.5
55 265 50 49.5
56 1364 8 33.1
57 57 18 78.8
58 696 47 72.0
59 219 19 13.4
60 248 59 36.0
61 456 51 72.5
62 958 17 94.8
63 1204 24 59.2
64 1337 43 39.7
65 886 44 31.1
66 1414 48 5.1
67 146 41 79.7
68 354 19 13.8
69 107 42 34.3
70 656 56 92.3
71 525 51 49.0
72 475 20 70.6
73 1112 18 8.4
74 252 34 37.1
75 1376 48 1.5
76 1232 17 33.3
77 350 20 80.9
78 1090 52 17.7
79 1155 25 77.0
80 941 25 37.8
81 458 28 70.8
82 1318 23 12.0
83 1099 27 16.1
84 1275 39 23.7
85 532 58 91.8
86 1138 9 86.7
87 1410 1 83.1
88 1267 10 3.1
89 73 55 68.1
90 1087 32 69.4
91 591 48 35.7
92 332 28 13.6
93 675 23 65.2
94 954 11 62.9
95 702 8 82.2
96 969 45 52.8
97 28 47 87.1
98 838 55 87.3
99 1145 29 6.9
100 1023 19 59.5
101 1293 53 63.5
102 1341 8 48.6
103 437 20 67.8
104 546 1 53.8
105 111 30 35.2
106 702 21 33.0
107 1420 8 64.1
108 1000 19 3.9
109 1393 7 43.1
110 1409 47 34.5
111 732 48 33.5
112 1300 8 56.2
113 584 36 9.7
114 144 23 27.4
115 905 38 24.1
116 1129 12 97.4
117 359 19 73.5
118 1275 17 28.4
119 196 4 59.3
120 964 2 67.1
121 704 9 20.6
122 36 38 71.4
123 1174 8 3.0
124 901 57 47.7
125 52 36 45.8
126 659 42 59.5
127 814 33 29.0
128 176 34 82.0
129 1055 44 61.3
130 351 57 98.7
131 896 45 51.0
132 59 17 53.2
