148
1 581 40 57.2
2 101 57 26.3
3 941 25 11.1
4 651 40 23.4
5 525 39 0.6
6 268 41 93.2
7 822 20 5.7
8 425 10 17.1
9 631 18 34.5
10 168 4 67.9
11 285 54 27.6
12 1254 19 8.1
13 117 3 48.5
14 1115 47 42.7
15 646 56 88.7
16 912 36 54.7
17 416 5 48.4
18 435 41 26.0
19 1001 55 4.9
20 199 26 89.4
21 44 20 81.4
22 236 33 80.7
23 758 28 74.7
24 409 12 98.8
25 126 15 14.9
26 254 46 76.4
27 717 39 81.6
28 974 43 50.9
29 749 42 92.5
30 478 57 39.8
31 1387 21 90.6
32 992 34 79.1
33 475 32 16.7
34 645 11 66.8
35 376 58 9.9
36 61 38 74.9
37 676 8 54.0
38 811 53 9.2
39 984 54 42.9
40 875 33 13.6
41 779 18 70.5
42 48 34 95.3
43 1096 19 20.0
44 1347 53 25.2
45 474 11 12.4
46 865 43 61.0
47 275 25 46.7
48 614 55 44.5
49 332 42 62.4
50 863 32 86.3
51 1374 47 19.0
52 171 3 88.7
53 750 51 16.6
54 650 3 50.0
55 905 38 13.5
56 793 1 72.8
57 1022 1 15.5
58 476 12 99.3
59 909 46 23.9
60 21 14 83.6
61 502 46 27.8
62 1177 57 51.6
63 174 11 9.7
64 370 27 67.3
65 972 39 17.7
66 1145 35 91.5
67 941 10 35.3
68 859 49 50.4
69 1207 42 18.3
70 321 33 50.1
71 484 35 58.8
72 1416 47 82.0
73 505 21 92.5
74 1208 38 80.6
75 34 7 91.1
76 470 16 56.2
77 1336 13 52.2
78 273 28 41.5
79 1333 4 77.5
80 813 59 15.9
81 601 16 26.0
82 1296 19 47.4
83 549 23 48.1
84 968 10 77.7
85 711 38 7.3
86 1331 43 42.4
87 941 54 72.3
88 1092 47 12.3
89 892 23 9.7
90 764 49 23.4
91 1056 35 95.2
92 395 41 4.0
93 1292 5 91.0
94 338 18 79.8
95 19 58 1.3
96 1439 35 13.7
97 1383 35 32.5
98 1095 6 52.3
99 183 32 90.1
100 621 33 45.7
101 1390 27 92.6
102 244 52 48.1
103 135 3 5.3
104 724 17 72.6
105 1226 14 56.3
106 129 57 31.3
107 843 45 47.3
108 380 21 27.9
109 883 33 15.1
110 87 2 40.8
111 645 25 83.1
112 558 43 4.3
113 1313 37 67.0
114 57 45 32.3
115 1289 23 87.9
116 167 26 32.9
117 1230 41 65.2
118 511 30 90.6
119 794 54 53.5
120 418 22 1.6
121 229 17 82.1
122 761 33 62.9
123 1086 7 30.4
124 987 25 29.7
125 388 28 59.4
126 815 29 83.3
127 565 18 10.4
128 869 30 60.3
129 1319 23 13.4
130 1415 13 64.6
131 863 33 30.4
132 149 43 56.3
133 1132 46 70.9
134 976 21 71.8
135 131 4 63.0
136 894 30 35.2
137 1119 42 64.4
138 204 6 66.9
139 719 27 49.6
140 786 43 81.0
141 1162 4 26.5
142 238 51 60.2
143 731 44 34.3
144 48 16 34.3
145 678 17 60.5
146 1046 21 7.8
147 851 25 64.4
148 858 47 48.2
