123
1 444 33 52.0
2 1044 54 73.2
3 368 57 41.2
4 1395 40 82.6
5 1201 8 1.4
6 978 53 79.8
7 267 3 82.3
8 1047 16 81.2
9 802 23 93.2
10 940 23 55.2
11 987 22 16.8
12 151 44 98.7
13 1370 54 31.1
14 474 21 48.9
15 1077 40 92.8
16 546 11 80.4
17 649 56 24.3
18 763 56 21.3
19 657 9 94.9
20 1027 54 81.5
21 1287 36 23.5
22 1138 3 80.8
23 698 28 4.8
24 594 41 96.4
25 994 33 51.5
26 66 5 17.5
27 988 44 18.6
28 688 50 58.8
29 251 51 99.3
30 287 16 37.3
31 196 25 32.9
32 582 50 25.5
33 711 45 48.7
34 59 6 53.7
35 1397 19 17.2
36 881 2 47.1
37 397 52 21.0
38 1164 13 37.3
39 199 18 33.8
40 966 29 29.8
41 1374 10 47.6
42 71 17 48.5
43 183 10 84.4
44 909 59 56.5
45 420 31 51.9
46 1200 12 17.1
47 594 35 77.3
48 1020 57 1.7
49 606 22 82.6
50 629 18 63.2
51 1432 31 17.9
52 309 58 27.0
53 795 56 76.8
54 545 24 57.3
55 855 41 98.5
56 996 30 20.2
57 77 31 97.4
58 184 41 67.1
59 426 1 31.7
60 330 18 47.6
61 143 41 25.5
62 1188 39 89.2
63 172 48 6.4
64 778 14 77.4
65 811 29 1.7
66 726 40 11.1
67 1090 15 57.1
68 312 17 48.1
69 1213 20 91.4
70 896 22 62.2
71 1085 15 81.2
72 299 41 80.5
73 694 51 65.1
74 523 5 65.7
75 431 16 54.3
76 717 10 32.6
77 443 8 69.7
78 1275 7 32.5
79 589 59 85.2
80 263 45 5.5
81 357 10 67.1
82 941 47 73.1
83 25 18 28.8
84 708 15 44.3
85 1221 39 54.9
86 1166 29 80.6
87 572 13 16.4
88 944 42 52.9
89 289 39 56.6
90 131 56 87.3
91 1132 24 31.2
92 590 13 52.5
93 1190 9 34.5
94 820 52 97.2
95 55 52 45.4
96 618 58 45.6
97 1429 12 97.2
98 289 27 9.0
99 645 31 85.9
100 867 27 6.1
101 778 27 61.2
102 1057 27 19.2
103 142 24 73.0
104 1399 18 96.0
105 1367 9 38.2
106 39 7 12.0
107 1227 59 13.5
108 738 59 22.9
109 252 17 8.4
110 1010 59 86.7
111 1013 50 9.2
112 241 39 77.9
113 1001 25 38.1
114 451 42 80.9
115 106 14 58.6
116 340 47 48.7
117 764 17 97.4
118 739 55 14.7
119 582 19 62.9
120 64 50 50.8
121 1104 54 87.1
122 1068 48 47.3
123 1221 32 2.3
