118
1 892 45 27.6
2 112 55 52.4
3 57 11 91.7
4 275 35 34.6
5 1008 38 88.2
6 378 27 60.5
7 1265 12 40.7
8 935 41 53.1
9 906 41 42.2
10 649 27 22.5
11 667 2 48.6
12 177 4 43.0
13 589 39 63.8
14 714 39 44.2
15 999 30 97.2
16 1390 59 61.2
17 493 30 82.0
18 745 33 90.3
19 902 28 32.0
20 1033 19 85.4
21 905 22 53.5
22 68 27 33.4
23 919 15 68.8
24 12 11 67.5
25 1036 57 96.5
26 1076 13 20.1
27 363 43 92.9
28 1244 53 92.3
29 648 5 18.6
30 531 56 58.3
31 229 32 97.7
32 515 17 17.1
33 627 57 53.9
34 984 28 65.6
35 294 8 9.4
36 1269 6 57.4
37 790 4 13.3
38 574 14 46.5
39 412 22 95.7
40 1081 26 27.6
41 873 37 73.7
42 92 59 9.3
43 711 27 93.0
44 537 11 11.3
45 1226 14 94.1
46 32 32 48.2
47 130 9 85.2
48 442 14 44.9
49 505 43 1.5
50 1290 50 94.8
51 403 21 36.8
52 871 56 15.5
53 338 21 35.6
54 752 20 82.2
55 687 54 53.3
56 575 18 53.3
57 487 46 36.4
58 791 1 26.3
59 1333 18 69.0
60 321 43 86.5
61 1076 19 41.5
62 74 33 73.5
63 345 14 8.1
64 1155 30 23.0
65 1237 24 9.2
66 694 38 55.9
67 668 36 74.3
68 583 56 83.5
69 87 45 3.8
70 1376 17 40.8
71 593 8 71.6
72 249 35 73.7
73 1071 23 37.5
74 1177 4 77.9
75 664 24 20.6
76 610 35 33.4
77 1195 4 65.4
78 217 52 17.0
79 325 10 94.6
80 125 22 63.4
81 613 26 6.7
82 911 26 2.3
83 1073 54 58.4
84 43 48 20.1
85 515 58 98.0
86 949 53 98.4
87 993 55 93.5
88 14 43 18.2
89 425 32 46.3
90 565 6 13.2
91 277 16 74.7
92 1402 34 62.1
93 440 9 50.2
94 1372 20 61.4
95 512 39 74.7
96 227 13 98.7
97 1243 4 2.7
98 1016 44 91.0
99 87 27 77.8
100 438 5 72.2
101 949 24 0.7
102 124 56 33.3
103 720 33 4.4
104 647 15 96.0
105 469 46 49.6
106 140 44 42.2
107 317 40 57.3
108 1173 58 10.3
109 1025 26 87.1
110 493 24 55.0
111 24 6 80.4
112 69 42 81.7
113 383 46 84.4
114 1139 57 19.0
115 1421 24 85.6
116 1225 6 77.0
117 501 30 39.7
118 1241 8 50.1
