105
1 796 56 10.9
2 960 8 4.0
3 656 23 83.9
4 1077 59 82.9
5 199 26 15.6
6 1104 8 44.4
7 157 16 34.3
8 353 31 86.5
9 902 14 83.7
10 658 34 2.5
11 39 42 67.3
12 475 55 83.9
13 1356 56 61.0
14 1008 8 97.3
15 1171 4 58.9
16 1003 9 37.5
17 1382 32 79.0
18 827 36 11.6
19 376 49 41.6
20 527 7 89.0
21 1334 36 20.4
22 757 7 83.8
23 546 53 41.4
24 1303 25 61.8
25 651 22 23.3
26 1141 57 32.9
27 1369 24 97.5
28 196 5 33.8
29 292 19 76.8
30 811 42 68.5
31 809 8 27.1
32 338 37 51.1
33 603 39 80.8
34 730 34 65.7
35 626 6 37.7
36 985 21 28.7
37 933 41 31.1
38 981 41 37.8
39 520 14 81.1
40 1293 29 57.5
41 290 56 0.6
42 1413 35 2.5
43 766 49 76.6
44 812 37 93.0
45 640 23 70.4
46 984 16 69.6
47 1176 4 78.6
48 1145 50 66.9
49 1346 33 66.5
50 1340 29 59.9
51 289 22 37.6
52 1131 51 98.7
53 1121 11 12.0
54 1271 42 79.6
55 886 42 27.6
56 434 42 35.6
57 169 10 78.1
58 372 34 23.3
59 777 2 9.1
60 1330 10 39.2
61 957 40 60.9
62 1181 41 2.1
63 557 23 64.4
64 717 16 19.3
65 1120 32 72.5
66 854 52 39.5
67 1115 47 32.9
68 977 33 47.3
69 217 15 88.1
70 247 56 53.3
71 1022 47 71.8
72 441 38 62.6
73 1429 34 26.3
74 226 9 15.9
75 905 57 19.8
76 686 23 37.1
77 105 19 42.9
78 284 2 27.3
79 555 34 60.5
80 636 57 72.2
81 141 50 57.7
82 158 3 77.9
83 71 20 18.7
84 21 45 82.7
85 401 10 44.8
86 735 57 70.5
87 1007 21 16.0
88 1340 46 83.1
89 1088 59 83.8
90 1313 21 95.4
91 3 21 56.6
92 78 42 65.2
93 58 44 93.0
94 611 24 67.5
95 438 23 68.8
96 771 26 58.6
97 1095 39 58.3
98 129 10 10.9
99 197 43 36.6
100 552 3 78.3
101 94 3 72.1
102 1205 44 73.7
103 679 28 24.9
104 727 22 56.8
105 1194 23 16.0
