148
1 472 52 20.7
2 222 29 14.9
3 467 15 23.9
4 1119 10 36.9
5 82 47 96.6
6 1387 4 32.8
7 367 55 23.6
8 855 9 37.4
9 1232 49 51.3
10 1009 55 35.7
11 352 5 66.7
12 534 49 76.2
13 65 36 32.4
14 482 58 91.2
15 232 5 37.6
16 442 3 21.5
17 564 10 43.5
18 166 40 24.0
19 1133 34 9.8
20 1208 42 5.8
21 74 36 73.5
22 579 32 1.6
23 219 55 85.2
24 58 49 32.1
25 358 28 13.5
26 1071 5 10.2
27 9 18 55.4
28 358 39 15.3
29 1259 34 71.9
30 746 35 1.6
31 175 28 72.3
32 384 51 10.7
33 1085 44 3.5
34 1097 51 8.0
35 231 20 37.0
36 443 14 51.9
37 180 35 75.8
38 1255 34 37.8
39 42 58 60.4
40 729 58 91.3
41 294 30 91.7
42 1156 23 7.4
43 1122 16 50.8
44 523 51 97.5
45 963 48 87.7
46 1127 45 78.7
47 1432 38 3.6
48 119 39 83.8
49 1193 14 96.2
50 840 53 3.6
51 1003 19 38.9
52 717 14 47.9
53 576 14 4.2
54 1307 39 93.3
55 753 18 48.2
56 158 35 26.5
57 830 44 16.5
58 984 33 57.8
59 1308 43 5.4
60 945 37 6.7
61 657 57 7.4
62 596 14 61.9
63 583 19 32.9
64 535 12 68.2
65 743 11 98.1
66 722 56 82.7
67 613 15 80.6
68 906 14 35.1
69 930 46 46.0
70 676 49 60.7
71 318 14 4.5
72 398 55 81.8
73 395 40 84.2
74 101 30 49.5
75 997 2 25.2
76 1396 12 23.8
77 278 50 88.3
78 1377 52 28.2
79 1069 20 58.8
80 436 42 68.2
81 688 46 21.9
82 582 18 61.2
83 1221 6 56.8
84 409 17 36.3
85 1303 33 44.8
86 575 22 17.4
87 1438 9 17.6
88 187 39 61.3
89 533 50 69.0
90 585 14 46.8
91 106 53 22.0
92 626 8 68.6
93 591 45 3.7
94 1354 7 17.2
95 624 7 76.5
96 1288 19 53.2
97 42 45 86.1
98 624 16 38.2
99 896 4 38.6
100 910 8 26.1
101 1428 53 88.6
102 1024 20 93.2
103 748 59 22.1
104 401 37 23.0
105 247 19 12.2
106 1013 25 91.8
107 862 54 33.9
108 521 56 90.3
109 1111 1 26.9
110 1098 38 28.2
111 741 32 84.4
112 561 25 12.7
113 915 29 46.5
114 275 24 65.4
115 1139 58 79.9
116 149 25 54.2
117 1188 23 36.7
118 1011 23 76.3
119 140 54 91.0
120 762 16 5.9
121 89 40 4.4
122 224 20 78.4
123 1337 59 87.5
124 1151 18 40.6
125 620 24 81.4
126 429 5 86.9
127 1011 46 61.9
128 361 41 32.8
129 1077 23 73.7
130 206 50 58.6
131 196 24 18.0
132 1307 1 11.5
133 1063 44 39.8
134 664 38 6.5
135 317 2 21.2
136 315 51 47.6
137 883 24 56.9
138 358 22 16.2
139 1230 35 53.6
140 181 2 50.2
141 924 8 69.8
142 1359 12 70.3
143 695 50 91.0
144 1120 5 54.7
145 434 23 45.1
146 520 8 64.7
147 393 18 52.2
148 271 12 38.2
