149
1 1180 39 65.1
2 1075 10 64.7
3 281 3 66.0
4 516 57 6.8
5 944 4 5.9
6 1177 11 32.6
7 683 40 92.9
8 90 3 19.0
9 641 50 40.5
10 1318 3 62.5
11 985 38 55.0
12 202 27 8.0
13 759 22 80.7
14 698 36 96.5
15 750 20 84.5
16 980 53 40.7
17 342 20 80.1
18 163 46 76.7
19 1221 23 92.5
20 85 40 66.7
21 1050 48 20.9
22 36 44 28.2
23 101 29 30.6
24 711 5 96.4
25 305 51 97.6
26 1045 12 66.7
27 1388 43 92.9
28 1380 20 77.4
29 987 18 17.9
30 1345 57 23.3
31 926 7 27.6
32 818 10 12.0
33 644 14 3.0
34 735 43 42.5
35 1095 50 91.9
36 106 11 28.6
37 857 29 54.1
38 233 19 12.8
39 858 13 91.0
40 48 12 68.5
41 1304 10 33.3
42 1145 34 94.7
43 546 28 55.3
44 397 45 95.8
45 1235 32 91.8
46 443 26 58.1
47 367 41 35.4
48 1057 28 52.4
49 456 53 98.9
50 1223 15 83.5
51 356 47 43.9
52 449 7 81.0
53 960 22 67.5
54 1420 7 33.4
55 275 26 1.5
56 208 31 65.9
57 272 22 71.2
58 106 11 45.2
59 1056 29 35.8
60 212 51 40.1
61 1057 31 44.0
62 252 21 74.2
63 476 52 89.4
64 350 33 1.7
65 653 54 75.6
66 1111 29 41.7
67 353 12 35.1
68 470 28 14.9
69 1301 10 74.4
70 773 57 20.1
71 1020 38 90.1
72 84 51 30.2
73 668 16 51.7
74 927 52 28.7
75 472 29 72.5
76 1044 14 31.2
77 286 13 95.1
78 1031 35 46.4
79 1315 55 60.6
80 217 30 11.4
81 415 10 76.4
82 874 3 45.1
83 1384 47 33.6
84 1103 50 2.1
85 1070 42 25.0
86 461 24 64.8
87 142 59 83.1
88 646 22 25.1
89 1124 35 93.3
90 625 8 15.8
91 428 2 61.3
92 140 25 79.5
93 1231 2 27.7
94 1123 57 13.4
95 1326 47 93.8
96 616 16 24.2
97 714 52 11.8
98 719 18 29.8
99 812 9 19.4
100 793 29 43.7
101 631 54 75.1
102 78 39 29.3
103 209 55 83.9
104 556 41 22.3
105 1008 35 39.6
106 186 43 39.2
107 1178 51 69.6
108 628 27 19.2
109 216 6 82.0
110 768 40 89.4
111 683 52 50.6
112 1050 17 62.3
113 391 5 66.0
114 805 27 88.3
115 22 23 24.2
116 372 57 58.9
117 645 27 68.0
118 1269 48 27.1
119 818 14 94.2
120 1362 38 5.4
121 165 59 76.4
122 357 45 57.3
123 122 46 85.0
124 1178 8 14.1
125 1437 32 23.6
126 598 38 16.7
127 950 51 81.3
128 1236 7 24.8
129 36 30 62.7
130 1264 25 92.3
131 1212 11 39.4
132 1284 21 53.0
133 1065 50 35.7
134 805 30 44.2
135 1353 24 60.2
136 955 40 8.6
137 735 27 26.5
138 39 18 27.7
139 837 1 6.2
140 358 14 17.1
141 471 11 29.4
142 1215 21 4.0
143 847 4 1.6
144 807 26 65.2
145 748 25 38.5
146 739 57 91.8
147 265 51 43.8
148 984 49 33.9
149 568 44 0.8
