107
1 1053 31 93.8
2 1184 41 26.2
3 1014 22 25.0
4 1058 13 14.4
5 604 48 40.3
6 327 1 91.0
7 449 43 72.8
8 1234 20 92.6
9 150 58 26.3
10 1061 2 61.1
11 559 14 61.2
12 218 24 3.4
13 752 57 64.9
14 356 19 58.3
15 823 59 74.7
16 281 41 97.0
17 902 36 55.8
18 1223 20 41.4
19 274 3 83.1
20 747 6 8.0
21 925 41 48.0
22 1106 14 69.1
23 651 1 9.4
24 445 44 50.3
25 636 29 93.8
26 1407 59 96.6
27 381 32 58.4
28 1408 40 69.7
29 488 11 49.8
30 57 20 61.0
31 483 51 19.8
32 823 6 15.1
33 317 19 44.2
34 970 56 76.1
35 844 51 93.2
36 535 48 84.6
37 525 6 86.6
38 712 51 33.1
39 317 58 62.2
40 452 54 5.6
41 706 58 93.5
42 907 42 90.8
43 1214 23 53.0
44 1299 39 54.8
45 243 7 14.2
46 60 38 58.3
47 463 20 24.6
48 1308 6 51.4
49 98 1 3.2
50 1173 34 65.6
51 1002 1 87.8
52 1379 39 10.6
53 1202 45 83.5
54 1025 50 32.3
55 1020 54 11.0
56 1337 49 86.9
57 68 27 98.5
58 1031 9 59.9
59 542 5 31.6
60 1123 27 16.7
61 1437 19 41.6
62 101 32 13.4
63 1083 27 18.6
64 416 18 77.4
65 251 34 56.9
66 1424 58 31.6
67 858 10 31.2
68 735 3 50.2
69 763 40 30.7
70 994 30 24.4
71 849 8 0.6
72 537 36 9.4
73 659 2 22.7
74 688 3 71.8
75 106 30 57.5
76 733 45 38.6
77 1285 19 52.2
78 383 23 5.6
79 242 37 11.4
80 676 12 83.3
81 1358 13 2.5
82 89 17 4.2
83 1118 8 53.9
84 1349 8 17.6
85 680 15 59.4
86 386 10 0.5
87 567 46 40.9
88 1014 19 18.8
89 1079 28 71.0
90 1239 39 85.0
91 895 58 80.9
92 1417 34 82.6
93 928 18 62.8
94 93 9 66.5
95 434 8 5.1
96 369 40 51.7
97 468 7 15.7
98 583 9 96.4
99 1270 19 92.8
100 628 24 81.3
101 1154 34 13.8
102 1286 31 92.1
103 1278 55 13.5
104 710 31 31.3
105 464 8 86.2
106 1385 50 94.9
107 734 35 32.9
