125
1 1053 19 85.2
2 958 13 66.8
3 931 26 95.0
4 1237 18 67.6
5 1149 9 62.5
6 1230 7 36.2
7 1189 32 87.3
8 1205 11 79.8
9 519 20 66.4
10 997 47 14.0
11 644 6 32.2
12 1426 15 43.3
13 1304 39 7.2
14 247 22 9.8
15 854 30 53.5
16 1414 1 6.7
17 1038 32 28.5
18 146 17 72.3
19 1351 56 92.6
20 460 31 96.0
21 335 19 3.3
22 897 17 60.4
23 561 16 27.2
24 998 50 36.3
25 1200 56 53.6
26 990 42 16.2
27 1030 39 86.1
28 1282 24 59.3
29 541 18 17.3
30 983 57 50.6
31 565 50 29.5
32 1178 8 96.6
33 111 17 72.4
34 702 27 43.3
35 782 36 75.6
36 959 3 12.5
37 378 4 22.0
38 615 33 26.8
39 847 31 97.4
40 436 26 40.6
41 1227 44 24.0
42 1289 45 88.0
43 376 49 17.0
44 1238 42 95.8
45 1205 21 66.1
46 954 16 79.9
47 215 12 42.9
48 617 9 78.5
49 604 7 24.0
50 1388 34 39.3
51 433 15 73.2
52 584 18 63.6
53 124 28 45.1
54 1177 23 83.6
55 1244 23 27.1
56 345 48 66.6
57 1381 18 11.3
58 1343 17 64.9
59 236 55 33.0
60 1296 50 93.8
61 577 10 93.2
62 1162 19 12.0
63 1070 20 70.1
64 77 16 23.8
65 188 43 85.2
66 1360 16 58.2
67 807 53 23.8
68 1202 10 25.6
69 943 40 15.4
70 1178 30 52.8
71 800 2 55.5
72 1300 36 7.4
73 515 19 9.6
74 605 57 52.7
75 67 57 75.2
76 269 14 86.4
77 1401 2 16.7
78 404 34 95.4
79 855 33 43.1
80 246 53 41.9
81 82 10 56.4
82 350 11 4.0
83 270 57 26.8
84 1145 34 1.8
85 403 57 13.3
86 1105 7 82.1
87 1374 4 92.8
88 1160 22 74.9
89 539 31 46.4
90 894 43 58.9
91 168 40 39.3
92 1337 8 71.8
93 277 53 75.9
94 191 41 78.9
95 1149 22 41.5
96 1227 50 78.6
97 530 42 67.0
98 793 23 63.1
99 503 24 26.2
100 695 44 44.0
101 217 1 85.7
102 415 7 50.2
103 782 22 56.0
104 511 40 79.5
105 192 26 50.3
106 489 40 86.0
107 686 47 76.1
108 339 37 86.8
109 1380 17 16.3
110 802 46 97.8
111 1239 15 36.8
112 110 59 4.0
113 564 15 55.6
114 304 25 12.4
115 289 54 71.4
116 1146 21 17.2
117 547 28 17.0
118 92 48 0.6
119 528 50 24.4
120 587 31 33.6
121 1182 35 23.9
122 961 10 67.5
123 1308 58 65.0
124 287 48 39.4
125 877 58 96.4
