102
1 818 17 71.0
2 1195 31 72.2
3 535 31 91.7
4 1045 48 12.2
5 1315 22 39.0
6 81 42 52.6
7 927 58 31.9
8 346 17 84.7
9 1037 55 20.0
10 1145 21 71.9
11 547 45 96.0
12 754 21 9.4
13 112 3 57.7
14 285 56 65.3
15 803 26 4.0
16 255 17 85.0
17 290 53 90.0
18 695 10 48.5
19 715 36 46.0
20 860 42 25.1
21 642 38 66.1
22 1288 50 59.6
23 112 25 65.7
24 1380 31 82.0
25 996 10 17.7
26 772 44 73.4
27 28 53 30.9
28 487 11 18.8
29 171 13 23.3
30 83 14 51.9
31 414 33 91.5
32 1299 27 39.1
33 217 25 36.1
34 520 30 28.6
35 512 9 14.9
36 1332 46 56.1
37 1137 36 6.1
38 60 20 83.8
39 622 17 4.0
40 408 11 24.8
41 532 28 96.1
42 484 16 66.4
43 231 35 69.4
44 1156 9 55.0
45 26 35 6.3
46 294 10 62.7
47 737 2 36.7
48 212 11 13.8
49 1142 32 87.5
50 104 12 39.0
51 81 52 58.1
52 712 7 10.6
53 1347 20 69.9
54 971 3 70.3
55 1246 31 37.5
56 108 6 69.6
57 351 3 88.8
58 251 49 34.9
59 1346 43 93.9
60 869 36 58.1
61 1386 57 52.8
62 1043 21 76.9
63 477 1 95.0
64 1142 59 59.5
65 1179 30 14.7
66 1106 10 17.9
67 901 49 73.7
68 941 55 65.4
69 474 41 14.7
70 524 6 10.1
71 27 37 20.2
72 1179 17 10.6
73 563 17 5.1
74 614 42 56.5
75 835 47 70.3
76 1395 27 29.9
77 173 55 26.7
78 1178 57 33.6
79 348 32 27.5
80 766 34 63.9
81 332 7 72.0
82 819 7 15.5
83 4 5 6.4
84 93 27 83.5
85 957 49 15.8
86 315 2 13.4
87 1073 2 55.7
88 629 41 50.1
89 1148 39 86.8
90 1388 29 95.4
91 447 7 46.5
92 287 45 72.9
93 286 35 97.0
94 229 47 81.8
95 1072 11 87.1
96 1248 26 19.4
97 1035 28 43.1
98 1388 59 49.6
99 8 1 50.9
100 183 33 21.5
101 519 4 40.6
102 1065 25 85.9
