119
1 1359 58 72.7
2 117 30 72.6
3 551 5 31.7
4 1023 59 35.9
5 445 5 77.8
6 348 10 51.3
7 844 44 2.3
8 1149 26 45.3
9 557 40 76.2
10 499 5 51.9
11 299 2 26.4
12 650 39 79.1
13 900 14 55.5
14 319 14 34.2
15 1040 56 70.2
16 1104 12 53.3
17 953 8 24.4
18 1148 16 86.3
19 410 39 58.3
20 364 43 96.4
21 66 7 68.5
22 192 9 23.6
23 534 52 53.8
24 201 2 5.8
25 403 2 86.6
26 687 13 17.0
27 5 13 50.7
28 1270 15 87.9
29 785 57 76.0
30 899 14 13.4
31 453 41 39.0
32 1047 38 16.4
33 751 10 23.2
34 1344 6 79.9
35 1409 19 64.0
36 373 7 52.6
37 727 40 71.2
38 1318 42 82.1
39 1130 39 3.4
40 781 6 29.2
41 368 50 25.9
42 1132 17 6.8
43 326 42 30.1
44 211 27 81.8
45 887 21 58.7
46 613 12 42.0
47 841 5 46.9
48 948 18 73.0
49 286 40 13.6
50 303 14 79.1
51 535 10 17.1
52 264 8 28.8
53 1210 19 99.0
54 1221 32 2.2
55 740 17 94.2
56 731 42 70.7
57 947 21 46.2
58 67 54 86.7
59 355 31 81.7
60 992 37 11.3
61 1393 21 45.5
62 849 32 75.2
63 1136 37 69.7
64 685 32 79.8
65 528 52 47.6
66 1392 49 40.9
67 631 11 26.4
68 1084 26 96.4
69 256 45 75.8
70 279 22 77.1
71 572 13 47.8
72 647 7 32.8
73 114 40 62.2
74 310 58 44.6
75 1176 4 71.3
76 611 10 39.1
77 1289 38 45.5
78 1123 22 42.7
79 517 8 17.8
80 516 30 12.5
81 1355 7 58.2
82 1051 25 10.3
83 1096 38 55.1
84 203 54 94.1
85 974 55 56.0
86 269 56 0.5
87 1385 35 95.5
88 940 25 86.7
89 155 17 81.7
90 63 8 22.3
91 1252 8 91.6
92 1389 17 24.3
93 724 39 70.4
94 873 28 77.0
95 307 7 47.3
96 1428 40 29.1
97 1319 8 73.2
98 737 12 82.6
99 1438 51 37.3
100 19 55 44.5
101 1322 22 57.5
102 1006 50 80.9
103 1291 37 22.2
104 733 58 59.2
105 933 15 39.0
106 1057 49 95.3
107 990 18 83.9
108 124 1 62.5
109 68 7 29.9
110 1001 17 19.1
111 525 52 40.5
112 73 25 11.6
113 1125 33 19.9
114 35 9 75.0
115 808 52 15.4
116 1150 19 32.1
117 1325 25 85.0
118 68 41 94.9
119 978 40 52.2
