109
1 1106 52 56.7
2 53 10 0.9
3 603 32 68.2
4 529 2 73.9
5 660 39 43.9
6 572 46 11.0
7 1149 44 92.9
8 668 19 55.6
9 962 39 74.6
10 526 8 49.6
11 48 13 95.2
12 1406 26 93.3
13 241 16 58.3
14 456 18 18.6
15 1148 31 21.3
16 1127 32 10.7
17 1252 39 95.9
18 763 45 41.6
19 1355 26 43.2
20 1136 29 77.6
21 615 22 28.3
22 263 17 69.5
23 90 52 54.4
24 1214 58 13.8
25 643 41 1.2
26 551 19 82.8
27 133 38 5.3
28 1061 58 40.0
29 929 21 89.8
30 792 30 50.6
31 763 37 10.9
32 920 50 97.0
33 211 37 31.9
34 1337 20 19.7
35 982 47 35.0
36 15 51 48.3
37 413 35 0.7
38 502 45 10.1
39 808 49 68.2
40 1245 57 88.3
41 45 8 0.7
42 876 25 7.2
43 1034 51 25.4
44 1418 5 28.5
45 231 42 92.9
46 897 7 7.4
47 945 1 40.7
48 894 1 49.4
49 599 26 24.2
50 1151 25 63.8
51 373 10 75.9
52 1410 59 72.8
53 468 44 70.9
54 819 25 70.9
55 550 37 33.9
56 644 24 52.7
57 1192 27 39.7
58 3 8 34.9
59 643 50 86.6
60 892 10 17.9
61 1257 13 76.7
62 925 44 12.4
63 159 1 57.9
64 285 21 49.9
65 35 34 57.9
66 706 43 32.0
67 954 38 23.7
68 1305 39 35.3
69 1257 20 67.2
70 677 42 89.7
71 921 26 67.2
72 157 8 67.2
73 1381 34 16.0
74 1003 11 27.6
75 777 58 50.6
76 696 46 77.6
77 51 16 49.8
78 343 8 29.1
79 1035 46 28.4
80 308 30 94.7
81 322 43 29.1
82 398 50 96.1
83 809 25 44.1
84 1381 3 81.6
85 888 58 66.8
86 511 32 24.9
87 1161 42 32.0
88 60 11 11.9
89 150 25 18.9
90 1242 45 78.1
91 824 41 33.8
92 38 40 16.0
93 715 18 30.4
94 131 55 64.3
95 1075 18 89.8
96 8 2 3.3
97 3 52 77.3
98 969 34 11.0
99 392 41 39.4
100 508 51 69.4
101 1436 29 57.3
102 203 18 81.4
103 1357 48 32.1
104 181 36 84.9
105 1211 14 80.4
106 942 26 87.0
107 374 26 39.5
108 1386 35 81.5
109 384 18 79.6
