98
0 443 55 2526.3
1 1007 29 2678.8
2 772 1 2459.0
3 362 34 2534.4
4 325 53 2558.5
5 955 6 2485.1
6 221 42 2581.5
7 940 25 2491.9
8 1406 30 2524.6
9 1214 42 2616.4
10 930 38 2631.0
11 1380 9 2515.4
12 1010 25 2776.8
13 102 28 2485.4
14 13 15 2572.4
15 1269 41 2232.8
16 554 58 2620.2
17 255 14 2505.8
18 1161 33 2466.9
19 118 45 2538.5
20 1413 41 2510.8
21 360 38 2451.9
22 1150 2 2565.7
23 1402 49 2662.1
24 769 46 2532.7
25 550 38 2453.8
26 560 4 2549.5
27 868 1 2242.6
28 63 26 2546.6
29 1360 28 2702.6
30 213 37 2502.5
31 610 45 2517.6
32 639 1 2329.9
33 466 21 2553.6
34 1161 26 2335.2
35 359 24 2389.0
36 992 15 2713.6
37 936 35 2484.6
38 889 58 2552.5
39 216 12 2669.5
40 90 35 2440.0
41 1052 13 2517.5
42 1245 57 2538.2
43 538 34 2535.2
44 90 17 2405.2
45 1368 26 2604.7
46 453 43 2581.8
47 661 37 2415.5
48 848 27 2569.8
49 1164 48 2460.7
50 1267 55 2521.8
51 1401 1 2513.7
52 104 2 2703.9
53 921 13 2570.3
54 949 55 2578.2
55 681 17 2359.1
56 699 35 2475.7
57 236 53 2693.1
58 269 56 2404.6
59 1182 32 2432.5
60 1113 38 2338.9
61 821 46 2378.9
62 453 37 2706.2
63 539 42 2576.7
64 119 15 2607.3
65 221 25 2631.7
66 1025 13 2528.8
67 5 6 2595.5
68 372 40 2347.9
69 903 28 2440.7
70 844 23 2494.9
71 1113 21 2565.3
72 899 56 2447.3
73 1129 25 2493.7
74 281 49 2524.7
75 1172 8 2465.8
76 867 23 2552.6
77 446 16 2447.5
78 277 55 2653.8
79 1120 35 2642.2
80 998 39 2592.0
81 920 4 2633.5
82 1393 4 2644.0
83 623 32 2486.5
84 1022 31 2462.0
85 586 22 2410.4
86 946 53 2570.7
87 91 36 2478.4
88 489 39 2513.6
89 1128 14 2624.6
90 455 34 2604.2
91 1091 52 2405.3
92 1396 16 2585.3
93 212 26 2614.0
94 586 58 2356.6
95 1346 1 2340.9
96 794 42 2352.0
97 260 48 2423.3
