109
0 495 56 2443.9
1 1113 49 2404.9
2 829 2 2690.2
3 720 55 2381.3
4 537 41 2601.6
5 54 16 2394.6
6 1038 57 2460.6
7 1112 10 2620.0
8 1246 41 2606.6
9 484 9 2658.7
10 1261 33 2456.6
11 1216 33 2539.2
12 1101 18 2568.3
13 1168 29 2584.8
14 905 53 2698.7
15 353 59 2417.2
16 1324 55 2485.1
17 1149 31 2719.7
18 417 46 2574.8
19 1014 58 2447.7
20 346 8 2499.6
21 836 7 2380.5
22 594 9 2614.0
23 575 2 2458.3
24 875 30 2673.1
25 224 27 2470.7
26 808 4 2485.7
27 536 52 2600.7
28 608 38 2639.6
29 638 27 2569.5
30 224 24 2371.0
31 311 44 2526.0
32 1327 18 2516.5
33 1121 42 2733.1
34 82 6 2310.4
35 242 7 2366.7
36 1332 35 2490.4
37 584 15 2453.4
38 158 40 2591.9
39 710 17 2435.5
40 950 6 2567.1
41 920 51 2562.0
42 1062 3 2516.4
43 1127 58 2424.3
44 480 23 2537.4
45 1403 47 2491.4
46 619 47 2615.9
47 421 43 2523.5
48 146 29 2462.8
49 505 12 2646.5
50 1258 15 2450.8
51 829 35 2347.9
52 1043 21 2515.4
53 1000 3 2480.8
54 357 1 2428.2
55 879 45 2479.7
56 569 37 2441.6
57 955 15 2557.3
58 477 3 2574.7
59 20 13 2694.1
60 104 30 2760.1
61 586 11 2395.3
62 857 35 2418.8
63 856 25 2505.1
64 1319 17 2448.8
65 725 35 2619.6
66 196 32 2346.7
67 1020 37 2342.2
68 62 3 2573.9
69 155 43 2662.1
70 912 39 2473.8
71 630 32 2413.0
72 1107 40 2327.2
73 417 56 2547.2
74 1098 46 2373.9
75 593 41 2509.0
76 1408 29 2491.0
77 752 10 2373.2
78 48 59 2405.3
79 741 59 2436.6
80 813 10 2403.8
81 666 34 2314.3
82 554 22 2369.4
83 433 33 2451.5
84 175 23 2602.6
85 779 55 2474.9
86 923 6 2562.2
87 78 17 2547.5
88 606 42 2407.1
89 209 34 2523.8
90 259 30 2683.0
91 939 17 2655.8
92 1060 28 2528.9
93 428 49 2435.1
94 154 10 2331.8
95 1065 20 2422.8
96 864 26 2500.3
97 782 51 2533.5
98 940 32 2587.3
99 444 31 2600.3
100 314 2 2395.3
101 735 1 2495.4
102 874 44 2494.9
103 991 25 2315.5
104 971 23 2502.5
105 1201 38 2653.8
106 505 57 2382.8
107 550 27 2270.1
108 158 20 2460.6
