172
0 1211 30 2498.1
1 546 9 2453.1
2 806 12 2709.6
3 895 39 2369.3
4 436 4 2509.7
5 1134 19 2535.0
6 889 2 2552.4
7 266 29 2561.8
8 120 48 2367.1
9 1321 22 2648.1
10 1385 13 2335.6
11 1100 21 2641.0
12 1176 34 2581.5
13 745 14 2576.4
14 677 2 2498.1
15 1343 11 2585.8
16 110 4 2474.1
17 838 19 2663.0
18 779 43 2544.5
19 825 39 2558.2
20 247 38 2578.5
21 1301 7 2484.4
22 166 43 2575.0
23 604 31 2567.5
24 1427 50 2428.6
25 786 38 2456.7
26 1418 31 2455.0
27 138 43 2597.7
28 49 31 2448.6
29 651 30 2402.8
30 657 49 2450.3
31 182 3 2628.5
32 726 20 2620.2
33 515 39 2379.2
34 339 58 2473.1
35 146 37 2518.3
36 324 20 2520.9
37 687 54 2558.1
38 401 6 2453.7
39 661 56 2424.1
40 758 55 2373.8
41 1212 15 2379.3
42 935 22 2346.9
43 421 11 2503.1
44 342 37 2423.2
45 1093 5 2475.1
46 1218 21 2502.2
47 705 51 2436.8
48 966 28 2543.6
49 81 26 2498.0
50 888 21 2419.1
51 136 38 2398.0
52 142 59 2563.6
53 661 25 2297.4
54 569 55 2451.7
55 901 27 2483.9
56 370 1 2452.8
57 138 48 2528.4
58 1351 53 2434.3
59 1018 22 2441.9
60 479 28 2419.5
61 16 9 2532.2
62 1057 44 2376.9
63 266 29 2435.8
64 997 20 2230.4
65 808 26 2443.4
66 384 12 2405.0
67 442 6 2367.3
68 1187 58 2552.0
69 1093 43 2400.5
70 590 38 2445.8
71 1025 18 2398.5
72 1011 42 2390.0
73 181 4 2437.2
74 932 26 2457.0
75 1158 51 2566.2
76 119 24 2471.2
77 449 33 2431.5
78 918 24 2449.4
79 1344 31 2547.7
80 1133 39 2464.8
81 667 22 2405.9
82 946 25 2470.2
83 973 7 2712.6
84 1166 39 2661.2
85 19 2 2613.1
86 29 43 2544.1
87 1166 7 2416.0
88 1358 49 2360.5
89 537 14 2460.1
90 286 42 2406.2
91 584 38 2589.0
92 1251 4 2483.4
93 128 10 2391.1
94 1201 43 2470.2
95 1283 9 2652.9
96 1355 16 2366.5
97 337 53 2654.3
98 345 57 2663.4
99 93 27 2504.9
100 859 42 2567.7
101 352 21 2527.5
102 1085 7 2317.2
103 793 8 2368.0
104 444 35 2404.3
105 1124 15 2473.4
106 1424 56 2439.5
107 23 9 2405.0
108 489 13 2620.8
109 1423 41 2458.3
110 156 54 2515.1
111 768 26 2562.9
112 1234 47 2401.5
113 541 16 2460.1
114 637 25 2433.3
115 1367 45 2434.0
116 1103 50 2409.8
117 1103 34 2501.4
118 1397 26 2512.3
119 658 20 2526.9
120 584 40 2458.2
121 468 34 2603.6
122 471 29 2530.4
123 728 2 2610.5
124 1432 18 2619.3
125 141 54 2574.2
126 902 55 2611.3
127 1061 22 2553.6
128 1223 36 2513.7
129 572 49 2732.4
130 1328 23 2547.4
131 452 30 2425.1
132 988 11 2544.3
133 696 8 2357.6
134 491 56 2568.8
135 1090 6 2305.9
136 635 16 2491.2
137 160 56 2473.8
138 812 6 2562.9
139 1087 41 2560.1
140 357 6 2536.8
141 1378 58 2511.1
142 396 58 2655.4
143 543 1 2616.0
144 138 37 2518.3
145 13 47 2572.8
146 855 19 2475.1
147 663 23 2549.1
148 74 22 2352.9
149 22 23 2468.9
150 522 24 2565.4
151 363 13 2500.2
152 1006 35 2394.6
153 1086 59 2516.2
154 207 31 2469.5
155 1407 36 2291.8
156 436 44 2471.2
157 1265 6 2284.6
158 1278 6 2404.8
159 915 44 2416.0
160 707 13 2493.9
161 257 20 2518.0
162 893 23 2645.0
163 1034 23 2630.4
164 690 48 2381.4
165 832 42 2395.2
166 105 1 2422.4
167 1323 3 2488.5
168 5 33 2581.8
169 391 8 2552.3
170 1411 41 2449.4
171 351 11 2612.3
