89
1 1341 15 66.6
2 310 5 42.0
3 765 37 81.8
4 72 1 84.4
5 66 13 86.2
6 1255 41 17.1
7 1286 22 9.7
8 1433 42 7.8
9 444 59 60.0
10 751 47 22.3
11 461 39 88.1
12 1170 14 31.4
13 1354 10 50.2
14 899 15 55.9
15 185 55 78.9
16 16 7 4.1
17 1081 27 3.0
18 100 55 24.4
19 691 1 34.8
20 12 20 85.6
21 1292 34 64.9
22 48 20 6.0
23 341 19 59.6
24 1422 29 99.5
25 1005 16 4.6
26 1155 19 11.0
27 444 21 37.1
28 1238 33 22.5
29 1120 35 95.9
30 415 44 38.4
31 420 35 16.5
32 821 32 9.5
33 131 19 44.3
34 628 28 84.8
35 124 5 17.2
36 125 3 19.5
37 1014 58 29.1
38 485 56 66.0
39 1223 9 73.6
40 523 38 68.2
41 69 55 38.5
42 945 21 59.2
43 509 56 6.3
44 802 58 95.8
45 520 14 38.3
46 104 50 79.5
47 1019 38 90.6
48 1155 2 18.8
49 1232 24 81.8
50 1213 45 91.8
51 1175 53 72.6
52 524 27 39.6
53 1397 15 14.7
54 928 11 26.0
55 75 27 90.4
56 1366 38 9.9
57 1314 55 4.6
58 480 45 8.6
59 676 3 77.1
60 1330 25 91.4
61 685 15 34.2
62 624 52 37.2
63 1117 41 35.1
64 895 40 24.5
65 1048 36 37.1
66 1434 31 3.0
67 179 2 83.2
68 547 12 32.2
69 302 19 40.7
70 348 59 59.2
71 417 55 87.9
72 75 45 87.3
73 1300 46 91.3
74 1205 38 83.4
75 579 7 54.0
76 1299 40 66.4
77 119 36 92.7
78 41 2 43.3
79 856 34 24.5
80 338 58 66.3
81 1166 13 12.2
82 1004 8 32.9
83 921 33 93.2
84 740 13 32.1
85 604 46 1.9
86 1315 6 65.5
87 937 55 79.6
88 129 44 24.9
89 348 10 70.3
