84
1 1256 56 64.6
2 1128 59 57.8
3 47 3 2.6
4 982 42 21.7
5 243 22 64.2
6 760 30 33.4
7 348 50 58.8
8 129 55 29.5
9 1304 54 24.9
10 967 48 68.3
11 990 44 18.2
12 997 1 59.8
13 1109 16 10.8
14 580 55 8.6
15 666 46 95.5
16 1195 11 48.4
17 120 26 36.6
18 1405 9 25.0
19 889 1 33.3
20 1437 43 58.3
21 231 29 78.6
22 647 58 66.2
23 690 54 56.5
24 1270 36 1.6
25 1122 59 64.1
26 946 33 48.7
27 456 51 7.2
28 1402 39 42.7
29 1296 29 22.9
30 1396 49 44.0
31 1271 7 19.9
32 1163 48 60.8
33 809 16 7.8
34 59 8 6.0
35 811 59 60.4
36 559 42 88.5
37 1037 36 18.8
38 653 58 3.6
39 143 38 76.5
40 698 8 20.0
41 881 38 58.8
42 1263 23 83.7
43 158 29 62.9
44 1044 45 19.9
45 3 15 31.0
46 367 35 38.8
47 634 22 42.7
48 1334 15 77.7
49 1246 24 61.0
50 759 4 30.1
51 992 42 7.5
52 828 36 8.9
53 1259 34 59.4
54 1001 1 23.5
55 880 27 85.4
56 925 33 66.9
57 433 58 58.9
58 665 59 28.8
59 587 32 46.5
60 454 53 76.9
61 207 6 88.2
62 705 4 20.4
63 1064 27 72.4
64 647 59 88.6
65 948 30 34.3
66 710 42 53.7
67 35 37 8.6
68 1154 58 73.4
69 784 15 77.1
70 1346 34 36.6
71 607 49 63.8
72 274 17 32.6
73 628 25 94.0
74 1059 34 12.1
75 131 21 33.5
76 1178 5 92.7
77 1264 3 23.2
78 866 37 90.5
79 1260 40 97.4
80 732 26 59.9
81 813 49 45.4
82 1020 34 38.3
83 1013 40 88.2
84 911 11 78.9
