76
1 1149 30 53.6
2 872 22 75.1
3 531 59 28.2
4 940 15 49.0
5 1374 36 92.5
6 860 30 16.5
7 900 16 33.3
8 914 36 63.5
9 1251 27 6.7
10 843 21 54.3
11 982 25 69.4
12 98 7 50.3
13 657 24 86.4
14 960 8 7.2
15 1241 44 74.6
16 910 41 81.9
17 50 15 80.9
18 489 50 69.7
19 104 50 70.2
20 984 17 28.6
21 4 51 98.7
22 1090 32 31.5
23 800 8 75.7
24 1257 53 49.2
25 149 54 71.9
26 722 38 89.9
27 971 20 75.2
28 1079 18 49.6
29 692 32 75.8
30 27 3 44.9
31 641 50 47.7
32 460 2 19.8
33 25 1 48.1
34 1002 46 27.5
35 43 11 84.5
36 1297 11 11.7
37 969 24 51.6
38 154 6 57.9
39 1242 50 83.0
40 1388 58 26.0
41 67 30 57.1
42 1267 33 48.3
43 910 15 82.4
44 1123 25 94.4
45 1178 33 46.7
46 1180 5 54.3
47 299 3 41.7
48 134 2 72.0
49 340 48 57.5
50 1250 56 83.5
51 1094 20 21.1
52 204 12 53.6
53 348 19 29.9
54 2 8 19.5
55 452 56 69.7
56 905 17 37.2
57 1387 34 47.3
58 383 20 42.0
59 1350 12 55.7
60 1340 5 16.7
61 1331 7 89.6
62 110 24 86.0
63 524 19 63.2
64 387 54 24.3
65 572 29 54.7
66 646 22 30.2
67 1299 35 97.9
68 507 9 28.6
69 1198 22 93.5
70 856 11 73.2
71 654 13 91.1
72 1018 26 35.7
73 491 55 29.7
74 1389 37 32.2
75 1413 16 82.6
76 236 51 98.6
