91
1 495 47 56.7
2 973 17 49.1
3 970 14 44.2
4 176 4 55.2
5 1265 5 76.0
6 472 12 89.5
7 605 58 99.3
8 1025 42 18.0
9 1 34 17.4
10 1324 43 72.6
11 564 9 87.8
12 578 34 50.6
13 473 13 43.4
14 621 25 81.9
15 1382 1 86.0
16 201 37 25.5
17 176 43 27.6
18 863 9 3.3
19 342 36 78.0
20 109 52 32.6
21 1065 12 98.8
22 825 24 80.0
23 628 57 61.8
24 908 16 29.9
25 714 3 25.1
26 222 3 19.0
27 369 2 81.9
28 451 32 29.7
29 1005 9 98.5
30 954 16 17.9
31 46 10 16.8
32 58 7 14.2
33 992 11 14.1
34 1407 29 62.3
35 1421 44 46.5
36 1174 6 78.1
37 1028 49 84.8
38 1216 18 84.8
39 1382 6 25.6
40 1029 43 95.8
41 622 34 77.9
42 1226 15 17.5
43 533 2 30.1
44 1158 1 91.9
45 1307 56 52.4
46 573 22 95.6
47 508 45 19.6
48 705 26 18.4
49 533 48 93.1
50 475 38 30.6
51 1424 10 71.2
52 405 27 6.0
53 508 5 71.4
54 379 2 87.0
55 513 10 46.2
56 562 24 65.0
57 863 14 96.4
58 1235 47 34.0
59 1045 25 90.8
60 581 53 79.7
61 319 6 69.3
62 55 14 63.0
63 440 35 30.3
64 511 52 85.6
65 1110 58 75.9
66 1005 8 13.7
67 762 10 35.7
68 1277 28 5.5
69 425 38 83.1
70 403 39 98.9
71 858 5 31.5
72 127 34 33.5
73 1202 38 12.0
74 93 2 33.4
75 648 20 97.7
76 625 5 3.1
77 452 10 55.0
78 361 41 12.0
79 408 40 23.9
80 529 8 35.2
81 146 2 88.2
82 992 36 44.6
83 1394 1 54.2
84 805 22 61.4
85 686 28 49.9
86 795 27 4.8
87 713 2 91.3
88 69 4 7.6
89 1362 21 54.0
90 933 17 88.0
91 1049 27 92.2
