83
1 1219 4 60.3
2 871 40 18.1
3 848 24 82.4
4 815 10 49.7
5 1146 58 75.7
6 1245 52 9.1
7 1152 11 30.2
8 1417 43 88.9
9 1056 39 15.6
10 526 42 69.9
11 958 1 24.0
12 227 52 95.3
13 396 19 97.7
14 1411 58 22.3
15 505 26 17.3
16 1306 45 96.1
17 714 56 36.7
18 1350 30 27.6
19 2 55 75.9
20 513 5 78.3
21 736 58 68.9
22 498 15 97.3
23 1168 52 51.9
24 1194 40 36.5
25 455 48 81.4
26 928 19 41.3
27 915 13 41.6
28 1356 16 39.9
29 1156 25 84.8
30 753 15 3.4
31 454 22 21.1
32 214 50 72.6
33 726 32 70.8
34 354 57 95.6
35 231 30 83.5
36 437 27 49.0
37 769 11 96.3
38 563 43 6.9
39 12 11 79.1
40 150 41 1.3
41 327 41 52.4
42 1439 59 28.3
43 413 8 15.7
44 1067 7 91.1
45 50 32 82.5
46 250 56 6.1
47 249 22 30.0
48 358 56 60.6
49 194 13 59.4
50 1082 47 11.4
51 584 37 35.7
52 1190 55 59.4
53 1423 40 13.7
54 220 45 53.3
55 1272 14 45.8
56 1324 29 71.0
57 557 40 56.7
58 1157 7 75.2
59 436 4 26.2
60 278 33 12.9
61 93 29 71.0
62 649 58 81.2
63 536 42 68.2
64 520 25 42.3
65 5 21 12.5
66 1067 50 32.1
67 986 1 91.2
68 1331 57 62.2
69 456 44 76.4
70 1438 58 86.3
71 969 44 65.2
72 609 36 1.3
73 1426 20 5.7
74 373 21 3.7
75 454 41 30.1
76 993 1 18.9
77 838 19 44.2
78 1312 22 71.3
79 928 31 40.9
80 394 32 47.2
81 448 27 89.1
82 1198 39 93.1
83 13 59 37.5
