78
1 881 7 25.9
2 1013 5 38.3
3 44 50 95.6
4 447 33 5.3
5 938 29 99.1
6 528 31 71.2
7 214 40 84.8
8 1176 22 77.6
9 713 5 85.6
10 484 48 91.7
11 347 34 58.5
12 177 19 78.5
13 867 48 90.1
14 594 1 65.1
15 234 55 28.7
16 1110 45 28.5
17 920 2 5.9
18 90 50 18.6
19 990 2 76.7
20 662 13 24.8
21 682 41 32.0
22 883 20 21.6
23 253 27 52.5
24 384 8 40.0
25 415 41 48.5
26 357 13 89.6
27 131 9 66.9
28 27 31 64.7
29 943 4 40.1
30 443 51 58.2
31 1118 7 6.3
32 43 5 41.5
33 720 3 35.2
34 1056 41 91.7
35 1177 42 57.9
36 1150 32 57.3
37 1117 22 41.2
38 576 21 86.7
39 1039 20 67.9
40 751 27 61.8
41 927 46 69.4
42 180 3 38.1
43 1066 37 67.0
44 960 20 14.1
45 400 5 28.1
46 70 20 75.5
47 66 1 11.7
48 930 14 38.5
49 68 8 81.4
50 836 42 73.8
51 1194 4 33.3
52 424 32 24.7
53 1080 44 70.2
54 1346 48 23.5
55 596 54 45.3
56 704 20 1.5
57 1037 38 7.2
58 1409 30 28.0
59 110 37 43.5
60 815 22 96.7
61 93 29 93.1
62 339 27 38.1
63 730 24 66.7
64 985 34 8.9
65 289 10 90.2
66 1372 55 56.2
67 168 21 16.1
68 835 35 7.6
69 1170 32 43.9
70 1282 30 86.2
71 1355 27 70.1
72 697 36 35.1
73 1407 20 40.3
74 573 39 5.6
75 903 21 9.3
76 1269 15 17.7
77 1437 20 7.4
78 816 2 42.7
