77
1 569 18 62.4
2 1239 36 94.8
3 663 57 26.4
4 349 33 18.4
5 837 20 46.4
6 887 12 31.6
7 723 18 31.2
8 522 3 87.5
9 1040 33 32.7
10 598 54 98.9
11 860 47 40.2
12 181 22 27.1
13 1133 46 95.9
14 1401 46 84.1
15 1302 33 59.6
16 1356 52 7.2
17 483 53 69.6
18 996 23 67.1
19 724 14 2.3
20 1208 39 83.1
21 1112 49 83.4
22 376 51 36.2
23 1054 21 84.6
24 1000 18 11.7
25 1197 41 38.4
26 823 24 48.1
27 791 17 21.8
28 785 47 3.8
29 602 46 53.1
30 1115 13 70.0
31 120 40 16.9
32 978 42 85.6
33 204 21 36.7
34 588 10 94.7
35 575 29 5.6
36 352 34 32.3
37 1300 23 71.7
38 1233 34 51.4
39 711 15 67.7
40 1141 4 23.4
41 982 44 69.2
42 893 6 97.3
43 616 22 55.1
44 355 59 49.2
45 6 32 39.0
46 1086 40 1.3
47 1032 19 84.5
48 743 51 66.4
49 1417 46 13.7
50 951 56 63.1
51 7 34 7.9
52 376 3 21.0
53 502 6 6.8
54 373 12 61.2
55 525 24 55.9
56 940 2 49.2
57 1364 7 97.5
58 300 15 39.9
59 1021 39 5.9
60 1198 7 80.5
61 111 29 50.8
62 1204 13 74.2
63 1322 6 46.3
64 483 51 85.4
65 1427 37 93.0
66 809 23 57.0
67 1251 28 23.8
68 266 50 48.6
69 737 11 10.1
70 209 25 69.5
71 1152 37 30.7
72 533 7 37.6
73 83 34 18.4
74 1197 37 89.8
75 66 48 42.2
76 1274 28 27.1
77 518 14 75.5
