81
1 1269 22 58.3
2 1112 10 19.7
3 449 53 35.3
4 494 10 75.5
5 240 29 18.3
6 981 50 40.3
7 828 23 6.0
8 775 51 32.1
9 11 10 76.3
10 678 22 4.7
11 647 8 59.9
12 868 42 52.9
13 902 39 30.9
14 408 55 29.1
15 1143 45 69.3
16 966 59 45.2
17 257 19 76.4
18 1264 22 65.1
19 1070 30 18.4
20 1102 58 51.4
21 608 51 65.8
22 788 15 50.7
23 821 3 43.8
24 1216 55 67.2
25 1339 48 63.6
26 899 58 45.8
27 674 49 64.0
28 1419 15 61.6
29 975 42 91.0
30 1398 7 16.0
31 880 52 5.3
32 15 50 74.6
33 806 36 45.6
34 1020 21 28.7
35 928 35 79.0
36 1354 16 9.9
37 999 38 81.1
38 309 30 13.7
39 1426 1 38.7
40 636 12 73.3
41 510 44 6.3
42 689 23 7.2
43 1264 18 7.1
44 1102 46 52.8
45 4 30 74.4
46 1073 25 13.1
47 144 52 50.6
48 745 57 64.4
49 173 46 7.1
50 1402 40 51.1
51 916 17 54.5
52 887 46 46.2
53 289 49 47.8
54 1018 38 32.3
55 1165 21 42.6
56 1218 2 60.9
57 238 41 53.7
58 209 49 51.9
59 500 21 83.0
60 654 11 27.7
61 975 42 60.0
62 669 55 13.3
63 1337 39 16.9
64 1021 51 91.6
65 1332 48 93.4
66 715 14 41.1
67 1117 30 41.9
68 1219 28 65.3
69 1190 54 58.3
70 538 1 16.9
71 1311 55 14.1
72 1118 24 97.8
73 1306 41 41.2
74 524 50 51.7
75 407 50 79.4
76 123 9 75.6
77 56 14 23.2
78 1360 32 18.4
79 701 28 31.9
80 427 51 39.1
81 1131 13 8.5
