99
1 783 43 37.4
2 630 34 69.9
3 1351 15 92.1
4 542 20 64.0
5 875 55 44.0
6 89 21 51.3
7 454 17 14.5
8 1143 44 79.8
9 1095 2 20.4
10 286 48 5.4
11 67 37 30.5
12 246 41 17.1
13 700 30 89.4
14 644 57 25.6
15 93 52 47.3
16 456 35 89.6
17 1330 2 70.0
18 285 32 30.3
19 52 54 35.5
20 872 41 83.1
21 197 5 60.4
22 745 35 70.5
23 857 58 78.3
24 173 34 49.8
25 42 26 70.9
26 106 5 97.6
27 740 1 48.4
28 1042 51 70.5
29 558 14 4.8
30 413 42 17.2
31 100 22 16.7
32 1190 3 78.4
33 759 5 43.9
34 570 2 64.6
35 650 37 96.8
36 561 4 34.3
37 884 47 82.7
38 251 52 65.6
39 921 32 81.7
40 293 6 97.1
41 305 16 90.2
42 141 47 63.2
43 585 41 39.3
44 722 57 95.1
45 894 28 92.0
46 255 11 48.5
47 631 9 62.9
48 45 41 75.0
49 1252 51 87.1
50 1424 1 65.4
51 1377 23 55.4
52 9 25 5.5
53 759 35 47.3
54 3 52 76.6
55 278 3 93.4
56 936 9 74.0
57 617 43 80.8
58 729 43 53.0
59 1183 50 15.6
60 295 3 85.8
61 1330 14 55.2
62 1384 59 43.9
63 433 59 5.2
64 355 26 10.4
65 1148 5 62.7
66 344 26 94.3
67 672 43 98.5
68 1113 27 75.1
69 304 59 60.5
70 499 13 4.8
71 1059 48 89.3
72 1250 44 34.4
73 1203 44 66.1
74 402 35 96.3
75 738 37 8.9
76 763 37 56.5
77 995 2 16.4
78 1403 35 28.0
79 829 9 1.4
80 16 49 83.7
81 994 40 46.2
82 48 54 30.6
83 75 33 44.4
84 1307 52 69.3
85 833 2 88.0
86 139 47 42.2
87 740 29 95.0
88 53 40 49.6
89 717 14 35.4
90 748 10 3.3
91 579 58 48.2
92 23 14 25.4
93 1233 29 87.8
94 1025 27 79.5
95 1405 8 8.3
96 151 5 67.3
97 16 1 75.4
98 1161 58 82.2
99 1293 54 33.1
