83
1 995 20 23.0
2 793 58 46.1
3 1177 48 17.2
4 444 58 33.1
5 823 17 86.7
6 45 6 77.0
7 206 27 55.8
8 387 19 26.3
9 1035 40 85.0
10 844 21 9.6
11 106 43 90.9
12 452 56 50.5
13 917 43 90.4
14 699 32 31.4
15 1415 53 64.3
16 323 7 69.1
17 665 29 17.4
18 635 34 27.7
19 648 1 16.9
20 109 7 28.5
21 141 55 50.1
22 649 42 38.4
23 356 8 59.3
24 1022 3 44.3
25 869 39 8.7
26 1378 53 89.2
27 890 1 37.9
28 969 57 88.9
29 874 28 52.9
30 1229 45 55.4
31 544 28 30.6
32 5 8 22.9
33 819 51 93.0
34 228 44 4.0
35 1339 20 87.3
36 940 8 86.6
37 947 27 69.9
38 1199 12 85.4
39 469 47 96.8
40 884 18 5.5
41 984 5 40.4
42 1058 59 31.9
43 528 25 89.9
44 975 3 0.5
45 770 40 69.6
46 890 49 12.0
47 983 57 87.1
48 258 13 13.9
49 799 15 30.2
50 334 59 47.1
51 178 17 95.8
52 717 3 63.8
53 670 33 39.6
54 1262 27 60.6
55 978 11 2.3
56 287 56 82.5
57 1152 53 15.9
58 823 49 45.2
59 586 42 40.1
60 766 5 77.0
61 870 42 86.2
62 977 17 67.7
63 824 18 12.3
64 641 54 40.1
65 500 36 70.8
66 364 46 62.6
67 23 47 35.0
68 603 59 69.4
69 239 17 76.7
70 876 3 88.8
71 913 48 16.5
72 589 33 8.6
73 788 20 58.0
74 161 58 38.5
75 310 33 87.9
76 221 10 28.1
77 331 45 7.4
78 401 4 48.0
79 973 25 10.5
80 1044 45 34.4
81 241 36 73.4
82 772 47 45.5
83 148 2 83.1
