93
1 1128 39 97.2
2 937 58 61.9
3 355 16 48.9
4 190 28 30.8
5 270 58 10.1
6 1257 14 16.9
7 665 35 97.7
8 986 35 39.2
9 1323 18 94.1
10 999 37 50.9
11 659 17 89.9
12 1183 25 37.9
13 293 50 80.9
14 69 10 78.6
15 1117 59 64.1
16 354 50 34.6
17 1368 39 41.9
18 1354 29 44.1
19 650 50 44.9
20 684 2 96.8
21 835 14 23.4
22 1172 24 24.7
23 944 16 70.1
24 541 54 48.9
25 1155 14 49.2
26 1020 34 57.9
27 441 1 27.8
28 340 49 94.9
29 1008 48 74.4
30 121 6 40.0
31 836 9 2.4
32 667 21 15.5
33 578 30 19.7
34 695 22 82.2
35 416 12 96.0
36 468 38 55.2
37 1313 37 64.3
38 127 55 46.2
39 994 3 6.9
40 1387 58 82.8
41 31 37 80.0
42 159 19 83.9
43 764 48 49.8
44 296 14 13.0
45 890 6 63.5
46 1425 21 31.7
47 790 17 18.5
48 837 56 13.9
49 607 53 63.9
50 1227 47 28.5
51 38 26 47.5
52 518 38 74.9
53 1048 50 97.5
54 269 26 19.7
55 1425 39 82.6
56 600 30 43.3
57 1163 31 35.6
58 157 45 80.3
59 959 10 76.8
60 972 37 32.3
61 1084 4 67.1
62 593 51 24.7
63 159 13 90.8
64 1149 18 94.4
65 1163 44 34.9
66 365 35 85.2
67 1222 41 64.8
68 3 26 57.0
69 1415 32 78.1
70 1288 18 30.3
71 5 33 22.4
72 490 33 53.5
73 347 50 98.0
74 477 26 25.1
75 82 34 67.0
76 1070 47 83.1
77 1425 24 73.7
78 467 38 74.4
79 736 43 58.8
80 980 25 37.0
81 167 45 74.1
82 894 16 59.3
83 1080 51 93.6
84 543 59 95.2
85 764 28 17.5
86 810 4 9.2
87 545 2 14.1
88 166 58 48.1
89 1047 47 88.8
90 241 22 72.8
91 177 17 66.3
92 853 57 71.6
93 769 46 48.9
