76
1 510 4 15.1
2 762 32 35.5
3 688 57 22.6
4 469 48 26.0
5 1419 13 85.1
6 749 53 81.5
7 1347 50 95.2
8 1200 3 23.2
9 947 21 81.6
10 60 42 7.4
11 83 46 42.5
12 1039 25 81.1
13 163 39 53.8
14 678 11 54.7
15 1059 9 46.2
16 292 4 79.3
17 88 24 91.4
18 604 35 8.7
19 158 18 65.2
20 909 7 87.4
21 709 52 86.9
22 659 12 24.7
23 1372 35 55.5
24 684 2 43.9
25 568 19 46.9
26 909 50 63.9
27 1438 54 26.3
28 1379 51 56.8
29 1012 1 29.1
30 1399 37 4.9
31 119 49 40.0
32 253 37 9.4
33 738 16 89.2
34 1311 45 36.7
35 401 37 8.8
36 864 39 69.2
37 652 42 18.3
38 643 55 21.3
39 257 46 60.5
40 262 21 16.5
41 395 52 46.2
42 381 15 3.5
43 1420 10 64.6
44 291 33 19.1
45 503 53 8.3
46 892 58 47.8
47 1014 29 33.2
48 35 52 45.7
49 982 37 35.6
50 91 34 86.3
51 760 4 85.2
52 260 10 89.6
53 682 5 95.8
54 927 29 31.2
55 600 47 46.3
56 600 17 67.1
57 770 59 3.7
58 1354 44 72.3
59 484 42 8.9
60 554 47 38.1
61 1327 5 55.1
62 350 14 99.2
63 694 8 2.4
64 402 4 73.2
65 1118 59 23.3
66 1016 6 97.7
67 341 54 69.5
68 78 9 32.0
69 1355 19 94.6
70 340 24 47.4
71 1359 21 70.9
72 917 2 6.7
73 465 12 74.2
74 469 53 4.2
75 809 14 3.7
76 1018 17 46.6
