98
1 1381 38 3.0
2 826 6 95.0
3 707 21 55.1
4 1163 53 30.8
5 1111 54 78.3
6 472 37 21.6
7 1055 3 25.4
8 537 14 87.1
9 291 20 8.1
10 818 19 46.2
11 1096 7 88.5
12 701 16 7.3
13 868 46 32.5
14 1150 11 30.6
15 58 36 54.7
16 892 32 83.3
17 397 33 94.3
18 62 52 9.4
19 1230 15 9.0
20 888 36 86.0
21 18 23 93.0
22 336 43 5.5
23 1269 59 18.0
24 884 52 11.9
25 1296 57 78.3
26 1324 53 79.2
27 368 9 42.1
28 409 17 26.7
29 1130 59 31.1
30 611 27 3.0
31 1388 37 71.1
32 92 15 90.7
33 322 3 57.1
34 511 17 60.2
35 857 11 26.7
36 934 56 81.9
37 975 41 69.8
38 97 57 24.4
39 298 14 57.5
40 793 48 85.5
41 588 43 21.2
42 1408 15 69.7
43 1378 34 82.8
44 235 18 24.1
45 1119 25 3.1
46 932 12 36.5
47 1076 22 84.2
48 941 30 37.2
49 1292 40 59.7
50 1193 41 55.1
51 77 22 35.9
52 1227 56 58.3
53 1229 44 73.9
54 614 18 49.6
55 1357 19 27.5
56 63 9 27.6
57 8 6 72.1
58 1025 17 1.0
59 1056 20 66.6
60 545 16 91.2
61 392 41 74.8
62 730 9 29.6
63 634 47 49.7
64 827 22 28.0
65 282 25 16.1
66 417 12 17.2
67 1215 47 91.3
68 596 21 21.3
69 1017 59 45.8
70 50 32 70.6
71 780 24 34.8
72 9 25 18.0
73 215 55 41.1
74 493 36 6.9
75 657 17 39.0
76 1229 33 25.2
77 298 24 0.6
78 260 39 74.7
79 1196 58 33.5
80 1122 5 70.7
81 513 50 47.6
82 809 41 47.3
83 1034 35 91.4
84 1381 27 90.0
85 1123 10 10.5
86 376 5 11.8
87 1411 5 19.5
88 767 23 21.2
89 734 59 30.9
90 464 9 97.1
91 537 42 49.1
92 356 19 31.6
93 628 16 77.7
94 504 12 47.8
95 145 43 58.6
96 1398 31 24.3
97 517 9 76.4
98 487 5 85.5
