76
1 1253 58 20.7
2 969 39 8.3
3 304 55 62.6
4 885 42 71.4
5 48 37 70.3
6 891 27 5.8
7 300 58 36.4
8 8 8 10.2
9 344 38 58.2
10 262 14 7.4
11 404 49 93.3
12 336 34 12.5
13 1362 55 3.0
14 446 47 29.1
15 646 32 36.8
16 1390 25 69.9
17 23 38 1.1
18 612 50 53.8
19 282 20 5.6
20 351 37 93.1
21 421 18 93.2
22 999 11 46.8
23 745 55 93.6
24 296 20 7.7
25 1331 22 16.1
26 722 49 61.2
27 1163 42 30.1
28 898 5 91.8
29 308 38 97.9
30 481 13 87.3
31 1015 37 44.6
32 81 47 49.5
33 1399 44 16.1
34 29 26 84.2
35 726 50 33.0
36 1180 43 53.5
37 423 12 61.8
38 1015 6 15.0
39 1257 47 78.8
40 1298 5 83.7
41 1069 32 36.2
42 662 35 4.4
43 1058 18 60.3
44 730 39 35.8
45 368 13 64.6
46 206 41 94.1
47 487 17 96.3
48 1153 4 76.3
49 382 3 50.6
50 555 11 84.2
51 794 50 54.0
52 645 36 58.9
53 412 22 17.0
54 737 40 76.9
55 928 18 23.0
56 822 53 77.5
57 128 4 95.5
58 1285 54 67.4
59 446 47 45.1
60 343 31 37.7
61 302 58 22.6
62 814 18 54.0
63 1080 24 23.2
64 500 34 58.9
65 768 53 34.0
66 571 57 79.9
67 820 33 27.5
68 698 1 33.7
69 848 16 41.9
70 496 1 87.3
71 550 12 16.4
72 958 42 32.0
73 731 22 9.9
74 727 8 33.7
75 1140 33 29.2
76 699 27 27.2
