81
1 569 16 10.2
2 354 11 18.4
3 1347 32 8.9
4 1150 29 76.9
5 321 38 76.2
6 586 55 10.9
7 762 17 58.9
8 469 7 92.6
9 1247 16 89.5
10 960 20 28.9
11 842 44 97.2
12 1307 8 67.6
13 636 40 45.0
14 1177 50 76.8
15 106 31 12.1
16 1411 57 14.3
17 1412 1 80.7
18 1273 45 35.6
19 841 29 19.1
20 234 26 50.0
21 438 40 42.6
22 1293 23 63.7
23 946 43 29.9
24 1269 54 21.7
25 259 45 48.1
26 1390 29 57.5
27 621 17 83.1
28 562 58 88.9
29 956 44 61.9
30 351 51 26.2
31 1201 51 11.9
32 596 5 71.4
33 768 3 67.3
34 112 34 22.1
35 742 58 62.4
36 837 44 27.5
37 1305 48 28.1
38 1242 12 87.8
39 1346 55 59.9
40 1211 37 16.7
41 261 13 14.5
42 593 55 61.3
43 718 5 2.4
44 304 43 97.2
45 11 8 47.3
46 1070 26 65.2
47 1358 55 26.3
48 1268 10 70.3
49 1242 23 7.0
50 1126 16 5.9
51 480 6 26.2
52 503 33 74.7
53 845 28 25.8
54 458 52 17.9
55 1117 19 6.1
56 751 19 7.2
57 1420 12 57.8
58 289 26 20.8
59 439 38 46.2
60 598 48 53.4
61 1082 40 14.3
62 142 33 7.5
63 1293 33 15.6
64 1177 7 32.7
65 1086 59 50.1
66 972 9 85.8
67 1290 10 83.4
68 314 13 73.2
69 914 3 23.5
70 530 55 67.7
71 45 35 72.9
72 2 50 44.6
73 904 20 83.3
74 493 21 81.0
75 983 48 44.7
76 1149 45 3.1
77 525 49 29.6
78 352 21 13.6
79 697 29 89.6
80 1250 58 68.8
81 830 22 77.7
