97
1 129 49 2.9
2 946 47 39.4
3 121 34 91.5
4 995 21 18.9
5 892 53 40.5
6 990 7 36.8
7 1346 52 27.2
8 234 27 33.3
9 17 24 83.4
10 627 13 25.6
11 1194 9 15.7
12 737 42 70.1
13 353 28 76.5
14 186 56 98.3
15 817 53 21.5
16 1251 16 4.2
17 541 59 71.0
18 268 7 5.5
19 1253 36 11.6
20 942 10 20.5
21 567 39 93.8
22 1089 51 78.9
23 115 25 65.3
24 164 45 46.6
25 343 48 86.7
26 540 15 72.7
27 369 50 35.8
28 55 46 68.6
29 35 10 61.4
30 998 37 2.2
31 300 9 45.1
32 1207 32 86.4
33 1128 39 95.4
34 201 3 8.5
35 365 54 7.7
36 1022 35 74.8
37 604 10 21.6
38 977 44 31.5
39 795 55 87.5
40 960 56 97.1
41 1069 23 29.1
42 117 18 19.3
43 1178 9 76.0
44 1004 7 38.6
45 1366 1 36.1
46 921 25 1.3
47 145 25 36.3
48 590 44 34.1
49 968 6 14.9
50 2 11 34.1
51 589 33 20.9
52 412 29 72.2
53 303 56 82.9
54 1328 36 61.1
55 1239 8 70.6
56 644 46 98.1
57 965 20 44.4
58 322 35 74.0
59 1023 24 92.7
60 1213 30 31.3
61 1276 19 55.6
62 1290 50 7.9
63 966 33 68.8
64 870 49 68.2
65 181 52 77.7
66 485 31 24.5
67 569 2 48.3
68 1004 21 80.6
69 1007 12 74.2
70 1239 6 6.7
71 216 23 65.9
72 968 51 41.4
73 333 38 42.9
74 543 46 22.7
75 41 3 30.4
76 568 36 27.6
77 841 24 92.3
78 241 56 41.9
79 1436 55 90.8
80 169 3 96.9
81 929 28 9.5
82 98 2 95.4
83 568 44 50.6
84 1255 15 15.0
85 960 36 42.6
86 1131 39 82.9
87 1021 36 34.6
88 65 13 72.7
89 973 6 57.4
90 442 59 46.0
91 1141 19 72.5
92 1209 10 7.0
93 100 13 59.5
94 1137 41 19.9
95 1349 35 60.6
96 1383 39 31.5
97 826 59 86.6
