91
1 281 36 11.6
2 1297 46 45.9
3 425 7 63.4
4 661 7 63.1
5 213 18 47.0
6 832 49 14.9
7 1335 15 58.9
8 865 37 56.5
9 880 32 15.2
10 205 52 13.7
11 207 53 57.7
12 143 45 18.8
13 1343 29 33.6
14 956 1 15.5
15 1155 18 3.6
16 982 49 77.2
17 38 58 33.7
18 1091 19 45.2
19 909 33 15.7
20 1164 27 59.6
21 1008 54 43.4
22 801 33 63.5
23 1372 23 58.0
24 1097 38 55.0
25 777 14 70.6
26 984 36 9.8
27 763 15 93.5
28 1404 23 62.0
29 1037 52 86.2
30 272 46 73.8
31 1281 36 8.6
32 90 51 3.5
33 1171 1 59.8
34 216 51 49.8
35 1316 31 70.7
36 496 58 56.7
37 1031 4 14.5
38 117 8 71.5
39 277 47 97.3
40 31 19 26.9
41 1096 35 26.6
42 240 45 49.1
43 1203 58 42.9
44 1149 54 21.5
45 559 10 6.4
46 523 27 89.9
47 1248 23 37.8
48 733 5 90.4
49 1380 55 60.3
50 1419 57 25.2
51 401 43 84.7
52 1171 56 35.2
53 317 44 18.7
54 54 53 9.9
55 973 6 93.6
56 884 42 68.7
57 1397 49 40.7
58 713 14 23.0
59 276 50 54.8
60 551 10 3.2
61 1028 27 4.5
62 1063 31 12.2
63 1041 47 70.1
64 1054 6 33.4
65 634 46 73.1
66 223 59 8.4
67 1273 23 46.2
68 1193 10 11.9
69 1068 37 62.5
70 803 16 81.9
71 455 56 54.0
72 769 24 21.8
73 600 3 31.0
74 32 28 33.8
75 396 30 60.4
76 1136 57 47.5
77 1083 39 32.4
78 850 13 17.6
79 1415 49 68.6
80 1299 47 39.3
81 1369 27 46.2
82 852 12 3.7
83 263 37 42.8
84 854 43 25.3
85 684 1 32.8
86 721 30 40.4
87 1209 4 11.6
88 435 50 92.3
89 262 55 15.4
90 869 10 37.7
91 516 9 71.0
