84
1 1434 21 42.6
2 631 19 77.0
3 1394 31 60.4
4 685 24 19.4
5 373 49 98.6
6 383 56 32.8
7 1284 16 54.1
8 22 39 64.1
9 442 10 84.3
10 765 24 19.5
11 862 36 39.7
12 801 31 31.1
13 426 25 48.2
14 1128 21 31.7
15 891 24 94.5
16 704 55 18.7
17 702 36 14.0
18 866 6 77.1
19 212 2 61.0
20 962 44 84.8
21 819 41 16.9
22 16 17 52.6
23 1086 4 18.9
24 3 58 83.3
25 287 26 26.4
26 1015 56 80.3
27 5 42 54.5
28 1242 3 25.5
29 949 24 14.8
30 174 34 77.5
31 502 32 47.7
32 780 24 60.0
33 1015 27 52.3
34 66 38 95.6
35 118 30 14.6
36 1146 21 87.2
37 362 35 75.0
38 1126 53 40.8
39 415 4 10.6
40 324 29 31.4
41 1134 59 26.7
42 718 42 20.0
43 145 37 94.5
44 1069 13 78.3
45 534 9 49.5
46 271 17 51.1
47 608 37 28.1
48 895 2 41.7
49 625 33 71.5
50 664 20 28.0
51 1298 2 27.3
52 839 47 70.3
53 1085 1 77.0
54 893 30 8.4
55 562 30 4.2
56 405 30 62.6
57 19 22 74.8
58 127 19 78.7
59 855 27 65.9
60 1410 27 65.1
61 944 32 21.9
62 882 56 42.1
63 146 17 95.8
64 1138 26 24.6
65 338 29 93.6
66 557 43 44.5
67 595 58 35.8
68 2 19 8.1
69 1045 38 81.1
70 1323 59 60.9
71 669 14 59.0
72 896 15 84.7
73 173 49 47.4
74 972 26 44.5
75 958 57 91.4
76 1402 4 39.8
77 182 15 36.8
78 418 39 70.0
79 1154 8 49.7
80 1021 47 26.5
81 1273 1 93.3
82 1310 23 29.2
83 335 50 64.4
84 844 33 63.0
