90
1 177 26 8.6
2 1226 32 18.8
3 626 51 57.0
4 283 44 4.2
5 162 27 77.0
6 910 15 14.3
7 261 17 98.5
8 1245 26 87.2
9 1270 34 64.6
10 1304 5 69.5
11 1108 25 10.6
12 1066 21 68.9
13 1212 22 32.8
14 212 27 30.9
15 1122 3 53.1
16 961 43 83.7
17 912 24 62.2
18 728 16 46.4
19 769 48 16.2
20 1047 39 90.5
21 598 55 43.7
22 25 30 97.9
23 403 30 20.9
24 1151 20 50.6
25 1062 7 26.2
26 43 26 20.0
27 1260 43 16.0
28 110 23 57.0
29 781 1 95.9
30 602 5 32.5
31 1012 16 14.5
32 1342 11 12.1
33 1258 59 93.5
34 710 54 62.3
35 978 26 62.0
36 1082 32 44.3
37 638 33 1.8
38 799 38 42.1
39 988 3 64.2
40 1370 15 31.3
41 417 40 44.9
42 792 31 84.6
43 33 14 49.0
44 106 38 24.9
45 1192 12 53.6
46 929 22 96.4
47 1367 58 11.9
48 648 43 82.6
49 717 9 54.8
50 103 39 92.8
51 325 37 31.4
52 546 11 1.5
53 435 12 28.7
54 900 3 77.7
55 328 58 85.3
56 678 12 24.2
57 878 37 23.6
58 719 48 46.2
59 140 26 19.4
60 379 8 62.3
61 1347 11 56.5
62 308 25 86.8
63 581 38 78.3
64 252 28 36.3
65 1439 38 76.4
66 228 47 61.0
67 911 18 21.0
68 1088 15 79.7
69 266 59 93.3
70 1121 45 67.6
71 1312 34 31.9
72 1063 2 24.8
73 1422 5 70.5
74 739 13 36.1
75 711 37 29.2
76 158 48 44.0
77 399 47 58.7
78 929 1 84.7
79 144 21 21.6
80 1428 10 61.7
81 202 58 44.1
82 1227 28 8.2
83 872 22 71.9
84 26 8 71.4
85 1028 26 90.1
86 613 14 44.1
87 43 18 27.7
88 218 25 49.1
89 100 9 20.7
90 1252 3 79.4
