97
1 298 17 77.2
2 1293 6 63.2
3 1377 35 1.0
4 275 13 80.6
5 742 23 67.5
6 1094 46 62.3
7 759 41 66.4
8 970 49 96.6
9 976 54 89.8
10 1086 20 53.8
11 33 42 15.3
12 1043 57 9.6
13 233 34 14.9
14 1034 4 9.1
15 1149 24 31.8
16 1232 49 50.5
17 309 16 12.0
18 571 50 14.7
19 738 59 65.9
20 206 48 57.4
21 209 3 97.1
22 503 5 49.0
23 677 22 64.0
24 1355 18 48.3
25 636 55 72.8
26 466 58 69.6
27 1266 39 47.5
28 199 25 72.3
29 974 2 15.1
30 647 54 88.2
31 72 38 50.3
32 631 37 9.2
33 295 58 34.4
34 418 58 31.7
35 1118 1 77.8
36 576 43 8.9
37 361 1 83.0
38 715 52 34.5
39 401 33 12.0
40 782 36 72.8
41 996 22 8.6
42 664 47 13.2
43 1359 53 64.8
44 952 53 18.4
45 1103 37 27.5
46 161 45 64.1
47 960 21 92.8
48 921 50 8.6
49 1013 3 24.6
50 127 43 73.3
51 894 26 68.6
52 412 32 34.9
53 634 45 8.5
54 1073 28 3.6
55 946 59 52.2
56 892 14 49.6
57 92 2 35.8
58 1324 27 32.8
59 468 20 3.9
60 474 16 72.3
61 1358 35 46.4
62 973 13 85.9
63 951 43 50.8
64 1268 53 39.8
65 1123 20 29.4
66 862 16 56.5
67 708 58 36.6
68 902 18 88.3
69 1144 56 43.7
70 105 42 51.8
71 257 42 60.9
72 596 30 35.6
73 312 46 64.0
74 560 20 46.6
75 1066 7 78.0
76 508 34 10.4
77 1175 50 20.6
78 605 7 64.9
79 235 50 70.0
80 1424 13 16.1
81 794 18 23.6
82 321 15 69.3
83 387 13 84.9
84 464 5 75.2
85 58 13 11.8
86 1372 26 78.3
87 413 3 56.9
88 997 50 64.9
89 47 5 44.6
90 770 4 67.9
91 1093 22 41.4
92 248 8 96.8
93 1200 33 9.0
94 70 18 49.3
95 637 19 84.5
96 1431 38 47.1
97 214 1 17.5
