79
1 80 48 75.0
2 897 55 2.5
3 362 19 21.4
4 1310 4 38.6
5 633 58 33.3
6 138 41 69.2
7 447 39 83.8
8 545 37 98.9
9 1195 19 71.0
10 411 30 73.0
11 284 56 52.4
12 937 11 2.2
13 69 26 67.6
14 52 48 46.3
15 736 41 92.5
16 628 24 15.2
17 171 13 43.5
18 899 57 88.4
19 557 4 23.8
20 115 10 59.5
21 714 30 76.6
22 1357 5 42.5
23 1146 52 78.2
24 994 5 68.1
25 1310 34 68.1
26 449 44 40.9
27 1046 47 95.4
28 928 1 73.9
29 812 55 90.4
30 1126 44 3.0
31 1113 39 15.2
32 555 20 84.7
33 194 34 49.1
34 1017 29 47.6
35 332 4 68.1
36 858 31 57.3
37 733 7 83.0
38 1248 25 38.6
39 869 23 2.7
40 1376 48 15.3
41 513 32 77.9
42 98 46 78.1
43 1068 59 61.4
44 283 38 85.3
45 1150 4 93.9
46 591 33 32.9
47 1121 43 22.1
48 642 26 24.4
49 902 9 37.8
50 447 26 76.9
51 1217 51 35.0
52 714 45 36.2
53 468 20 7.4
54 455 51 71.6
55 1203 32 47.3
56 336 16 28.3
57 647 30 65.5
58 55 11 44.0
59 733 48 83.0
60 990 37 39.8
61 976 10 67.7
62 561 9 17.9
63 440 34 24.8
64 1211 16 21.0
65 423 30 52.3
66 949 49 51.5
67 368 19 30.9
68 212 46 79.4
69 877 50 96.2
70 409 32 26.5
71 273 26 88.6
72 1256 38 38.9
73 778 21 10.7
74 1306 43 33.9
75 637 46 25.5
76 437 44 84.6
77 958 3 94.5
78 1353 27 50.5
79 1118 29 6.2
