85
1 644 43 57.9
2 329 26 32.0
3 602 11 46.4
4 1027 27 62.8
5 64 29 84.4
6 599 51 20.2
7 437 12 77.7
8 86 8 9.3
9 110 28 69.5
10 1379 59 56.6
11 943 38 80.9
12 266 7 98.9
13 1143 44 55.2
14 927 9 66.6
15 1124 13 87.1
16 693 22 20.4
17 710 6 68.3
18 912 36 85.3
19 677 8 27.5
20 1145 46 76.0
21 1133 37 41.2
22 1183 26 66.3
23 1250 50 16.3
24 267 49 47.3
25 914 36 26.0
26 948 11 84.1
27 811 53 10.6
28 1032 15 35.2
29 915 21 80.2
30 1433 20 56.5
31 217 59 71.1
32 1287 32 63.6
33 1312 4 47.9
34 989 24 2.2
35 1087 19 63.8
36 599 10 36.4
37 806 42 76.6
38 723 48 91.2
39 441 34 82.2
40 97 24 91.1
41 1214 8 58.3
42 737 12 33.1
43 845 55 92.4
44 775 23 56.8
45 73 47 99.2
46 1162 22 83.8
47 29 37 28.1
48 1140 54 15.7
49 1245 37 46.1
50 165 17 48.9
51 817 35 36.2
52 1386 9 56.0
53 1275 51 62.0
54 533 26 64.3
55 598 52 34.6
56 1061 1 4.2
57 1429 31 2.3
58 472 18 89.6
59 12 54 40.6
60 305 3 48.3
61 258 44 92.0
62 25 38 32.4
63 875 25 55.7
64 336 28 23.7
65 1325 52 14.1
66 1194 22 17.2
67 739 6 73.7
68 144 52 94.0
69 28 45 63.5
70 1027 13 85.1
71 673 43 30.2
72 620 16 71.0
73 11 21 43.9
74 1335 43 76.7
75 875 24 33.6
76 648 3 87.8
77 590 54 57.4
78 1428 22 86.3
79 887 10 36.9
80 1095 11 53.5
81 835 11 5.2
82 431 8 79.6
83 274 15 28.3
84 1294 34 22.7
85 401 58 69.2
