94
1 264 30 29.4
2 1182 16 80.4
3 482 59 81.5
4 1115 10 25.3
5 1146 7 7.2
6 991 49 13.5
7 899 57 34.6
8 768 31 29.5
9 414 24 7.6
10 1428 23 11.4
11 98 41 41.7
12 267 38 33.0
13 940 10 99.0
14 656 52 28.7
15 1412 24 14.4
16 642 17 93.9
17 571 2 10.3
18 1024 16 83.7
19 681 16 7.6
20 1023 57 22.0
21 491 12 16.0
22 1005 23 80.3
23 237 21 26.5
24 638 46 45.1
25 590 48 54.9
26 965 56 87.3
27 1097 11 10.0
28 1369 13 49.7
29 1428 16 98.0
30 205 53 86.6
31 99 1 58.3
32 529 2 25.3
33 823 47 61.2
34 384 47 64.5
35 280 11 40.8
36 1196 51 15.1
37 1361 53 23.9
38 841 51 54.8
39 84 11 10.5
40 1143 16 65.4
41 1076 9 75.1
42 238 29 65.8
43 105 53 51.3
44 1167 39 88.2
45 39 17 12.1
46 645 48 86.9
47 356 23 82.7
48 506 27 66.3
49 588 59 26.9
50 78 49 23.0
51 877 30 83.7
52 888 56 80.8
53 7 36 1.1
54 123 1 53.9
55 303 18 18.4
56 689 29 69.5
57 774 56 85.6
58 1354 11 8.7
59 1102 22 83.8
60 991 39 76.3
61 782 2 81.4
62 515 51 12.2
63 856 41 72.2
64 317 47 24.9
65 693 59 7.7
66 306 16 81.4
67 626 8 2.9
68 697 22 6.5
69 1328 19 18.0
70 630 49 35.6
71 556 17 8.6
72 1155 17 76.7
73 1039 40 96.0
74 78 29 26.3
75 596 35 21.0
76 651 36 98.1
77 896 16 91.0
78 1406 43 79.2
79 232 8 23.2
80 57 20 4.4
81 331 43 65.9
82 1388 39 19.3
83 957 11 54.8
84 470 5 74.7
85 1175 6 90.6
86 76 20 38.0
87 1354 57 19.0
88 19 14 87.0
89 1163 29 54.9
90 1374 49 77.8
91 520 35 12.5
92 1248 45 20.8
93 679 55 1.3
94 88 29 91.6
