93
1 357 18 64.8
2 857 1 1.2
3 1027 57 53.0
4 233 58 78.6
5 1074 32 33.4
6 56 52 86.9
7 1305 13 53.6
8 160 7 76.4
9 497 30 35.8
10 110 23 56.8
11 13 29 95.3
12 1382 40 93.6
13 1436 14 28.4
14 326 32 22.8
15 64 39 10.9
16 599 53 39.7
17 916 17 66.6
18 279 53 68.9
19 412 1 26.1
20 1403 17 45.6
21 1026 1 63.0
22 1184 6 90.5
23 1271 5 5.9
24 711 53 1.7
25 581 46 66.7
26 266 49 58.9
27 24 57 46.2
28 233 21 62.2
29 742 15 40.6
30 931 39 47.4
31 118 48 6.3
32 820 51 90.9
33 550 12 97.1
34 191 48 0.7
35 919 17 70.4
36 143 26 64.4
37 255 5 45.8
38 720 44 57.5
39 152 41 10.7
40 1184 39 65.9
41 219 8 43.1
42 988 58 86.7
43 1110 20 94.4
44 657 22 21.9
45 558 14 45.6
46 554 37 12.8
47 832 22 76.8
48 723 46 90.4
49 1379 35 70.0
50 427 53 98.0
51 486 28 19.9
52 1009 20 39.8
53 751 38 36.3
54 639 17 89.5
55 1219 22 21.3
56 237 25 45.9
57 1026 11 75.3
58 297 29 55.5
59 1124 18 28.1
60 1391 47 26.5
61 939 54 17.1
62 311 25 36.0
63 922 57 16.4
64 18 35 70.8
65 134 22 46.5
66 918 54 80.2
67 961 14 18.3
68 1265 58 3.6
69 910 47 93.3
70 1338 17 80.9
71 856 29 44.9
72 900 13 94.0
73 79 27 27.1
74 364 8 11.5
75 1413 20 63.8
76 312 48 71.1
77 584 1 73.7
78 1139 13 25.8
79 1204 19 35.1
80 170 27 53.2
81 380 24 94.5
82 1138 40 7.4
83 997 2 50.6
84 916 23 5.8
85 676 41 90.1
86 653 37 18.9
87 770 44 37.5
88 466 4 58.1
89 586 6 73.7
90 130 35 55.7
91 259 49 63.4
92 944 30 97.8
93 412 49 18.5
