89
1 579 50 69.8
2 66 15 84.1
3 357 7 19.9
4 1127 6 46.9
5 1261 1 95.7
6 1044 14 26.9
7 1364 26 7.0
8 1231 44 89.8
9 1241 42 23.9
10 415 42 6.4
11 636 32 31.4
12 240 45 6.6
13 995 33 84.2
14 930 45 78.6
15 596 1 94.8
16 1140 7 8.8
17 482 16 57.9
18 621 33 63.4
19 601 55 24.5
20 25 29 37.5
21 620 30 89.6
22 873 46 58.1
23 1113 39 7.2
24 101 28 35.7
25 1027 59 50.8
26 976 22 19.0
27 185 28 67.7
28 1386 20 50.2
29 1406 37 45.2
30 1055 3 16.1
31 193 14 0.6
32 714 50 4.2
33 988 59 87.9
34 1182 28 30.6
35 360 39 59.6
36 1064 58 8.4
37 960 7 55.2
38 740 44 6.2
39 1211 52 56.2
40 351 33 18.5
41 1041 37 81.3
42 57 49 47.9
43 419 51 4.4
44 140 39 87.0
45 1139 1 35.6
46 189 40 17.0
47 898 7 95.9
48 281 17 86.1
49 99 42 98.0
50 390 5 14.8
51 428 9 76.0
52 1088 15 84.9
53 1352 21 17.9
54 541 4 83.4
55 215 35 58.7
56 108 8 47.8
57 1071 16 30.4
58 84 36 74.0
59 1335 4 8.3
60 226 37 46.6
61 498 35 36.5
62 1023 7 59.4
63 105 34 76.8
64 945 9 4.4
65 348 58 43.6
66 1309 8 27.7
67 570 23 83.3
68 905 40 50.6
69 776 34 20.7
70 830 32 69.2
71 541 55 11.5
72 951 29 13.9
73 1326 19 47.2
74 1382 9 39.2
75 1269 3 58.9
76 1320 37 3.6
77 104 49 8.7
78 574 38 54.0
79 1024 46 31.5
80 882 18 12.5
81 211 16 64.0
82 315 58 28.3
83 42 34 77.9
84 1076 51 33.2
85 245 4 66.7
86 512 38 57.1
87 339 37 63.8
88 669 33 37.5
89 1149 14 92.7
