86
1 778 12 21.8
2 1206 31 39.2
3 219 22 64.2
4 1194 37 88.4
5 799 16 4.7
6 990 4 94.0
7 226 12 74.2
8 1030 35 42.5
9 466 48 77.4
10 991 59 34.7
11 412 1 40.7
12 1311 58 0.7
13 770 49 85.1
14 125 30 74.1
15 679 55 93.7
16 1306 19 68.2
17 92 22 81.9
18 1381 18 11.3
19 541 21 51.4
20 882 53 38.5
21 976 51 12.3
22 1024 43 81.1
23 1261 55 86.1
24 1414 46 47.1
25 32 31 5.9
26 1093 23 59.9
27 1263 51 34.5
28 700 54 28.4
29 1276 30 3.7
30 421 12 20.1
31 142 2 46.9
32 613 19 51.4
33 267 13 7.9
34 211 59 86.7
35 1369 49 1.5
36 88 47 39.6
37 70 46 62.2
38 341 33 54.3
39 472 34 72.1
40 323 21 21.2
41 157 23 46.5
42 16 25 29.2
43 1249 3 93.5
44 958 43 95.4
45 1228 22 83.5
46 755 33 64.3
47 585 51 32.2
48 347 23 46.8
49 660 31 42.8
50 973 37 14.6
51 1083 28 23.4
52 1273 58 77.0
53 1386 21 35.9
54 208 1 65.8
55 595 34 98.0
56 1217 57 61.0
57 644 53 44.1
58 565 16 49.0
59 642 33 68.2
60 598 45 16.4
61 493 42 25.7
62 288 25 73.3
63 57 37 76.4
64 822 45 52.8
65 5 35 8.8
66 958 6 4.1
67 57 13 20.1
68 968 29 53.1
69 767 57 70.6
70 736 35 59.9
71 777 20 86.5
72 1038 34 87.1
73 249 34 4.6
74 322 52 42.3
75 1305 7 62.2
76 970 33 49.3
77 228 54 39.3
78 832 24 85.7
79 508 3 95.8
80 332 38 96.4
81 465 34 91.0
82 1037 39 61.3
83 927 8 33.9
84 1322 11 80.3
85 417 12 34.7
86 630 12 84.0
