115
1 523 31 7.8
2 144 23 1.8
3 703 24 16.2
4 797 47 26.2
5 1277 41 16.3
6 489 25 20.5
7 670 26 65.5
8 1361 26 90.5
9 970 40 46.3
10 681 35 53.9
11 943 4 78.7
12 511 18 63.6
13 843 3 43.3
14 161 32 51.5
15 507 48 82.9
16 303 43 75.9
17 313 18 91.3
18 1397 40 1.8
19 595 57 97.4
20 718 32 20.1
21 279 23 73.1
22 1270 31 31.9
23 724 22 52.0
24 632 23 24.7
25 60 18 13.6
26 560 2 25.7
27 522 31 68.7
28 1241 3 53.3
29 383 21 35.2
30 615 59 8.1
31 111 21 28.7
32 582 50 87.7
33 120 29 83.8
34 868 8 88.2
35 617 28 11.0
36 303 20 81.2
37 1064 25 83.3
38 143 4 60.2
39 902 3 54.1
40 1096 14 84.0
41 240 6 23.0
42 939 15 30.9
43 1348 39 17.0
44 1394 16 72.2
45 753 52 42.3
46 1139 38 13.0
47 1437 58 43.3
48 1246 19 1.7
49 295 40 74.9
50 167 19 47.4
51 328 25 11.1
52 782 19 89.7
53 1299 17 68.8
54 1177 23 25.9
55 296 36 4.7
56 1104 18 29.8
57 1071 59 27.7
58 915 18 46.0
59 1335 35 76.1
60 1417 19 57.6
61 154 25 52.0
62 992 18 42.2
63 218 20 74.1
64 1205 45 5.6
65 208 17 90.2
66 521 48 11.1
67 1358 53 13.9
68 752 12 17.8
69 1250 1 55.0
70 108 27 51.0
71 603 14 25.7
72 191 47 95.4
73 1247 59 45.8
74 856 42 83.1
75 233 19 25.4
76 550 52 52.6
77 754 44 43.6
78 754 34 65.9
79 1166 8 88.0
80 894 13 91.1
81 1110 50 91.9
82 769 4 12.8
83 735 5 28.1
84 1205 11 56.6
85 1240 6 23.4
86 149 49 87.4
87 308 40 49.4
88 723 11 12.1
89 850 17 75.0
90 273 17 62.7
91 364 29 30.7
92 979 52 52.9
93 49 9 89.4
94 1189 11 54.5
95 606 43 15.7
96 14 58 7.2
97 1214 25 18.1
98 663 54 10.8
99 1379 58 64.4
100 1298 12 18.5
101 403 4 62.1
102 765 49 0.8
103 482 8 56.6
104 404 5 69.7
105 1185 15 4.0
106 1427 22 43.3
107 351 3 57.9
108 1406 3 80.4
109 199 25 26.0
110 199 1 48.3
111 918 57 27.0
112 776 52 23.8
113 595 40 40.5
114 80 29 96.8
115 365 23 68.0
