149
1 352 48 52.0
2 323 49 31.6
3 510 37 79.5
4 389 15 90.2
5 1207 6 13.0
6 665 28 38.3
7 1079 20 77.6
8 95 29 88.3
9 463 10 80.3
10 1204 36 16.4
11 209 4 98.5
12 12 7 56.9
13 626 7 47.0
14 133 18 65.4
15 61 48 2.3
16 181 26 8.0
17 834 48 87.3
18 700 9 93.1
19 492 40 60.9
20 660 26 52.2
21 264 17 56.6
22 1084 25 54.1
23 1224 29 97.4
24 1049 4 51.9
25 478 19 37.8
26 752 46 24.4
27 1111 36 62.7
28 774 38 73.1
29 226 18 5.4
30 21 19 99.2
31 762 4 28.0
32 127 22 75.6
33 440 19 50.2
34 513 58 35.2
35 212 16 27.8
36 778 1 51.0
37 415 51 85.9
38 1046 13 56.5
39 63 39 19.0
40 331 52 2.5
41 419 16 38.8
42 1020 33 5.2
43 1005 36 10.6
44 284 52 63.4
45 899 54 14.3
46 974 4 45.1
47 572 5 4.7
48 201 27 99.4
49 731 4 69.2
50 1059 56 32.6
51 397 10 93.7
52 1257 44 48.2
53 465 59 42.3
54 1210 28 63.6
55 662 5 72.6
56 370 57 52.5
57 547 42 14.3
58 1420 56 39.3
59 775 32 55.2
60 1009 32 60.3
61 493 4 11.4
62 612 4 9.0
63 809 7 32.1
64 712 21 64.0
65 286 13 81.5
66 1132 9 3.8
67 261 35 79.8
68 37 53 71.6
69 643 59 23.3
70 30 46 60.2
71 1364 16 49.6
72 1410 30 24.1
73 590 21 92.2
74 590 24 76.8
75 832 18 18.8
76 228 39 16.4
77 1394 14 22.0
78 1131 7 89.8
79 1332 3 25.9
80 994 21 73.9
81 1204 16 90.0
82 855 15 20.5
83 1042 42 92.7
84 246 7 75.2
85 1230 33 92.5
86 1096 33 5.3
87 1266 39 77.5
88 51 2 25.0
89 1310 43 12.1
90 183 6 18.5
91 132 22 68.6
92 168 43 73.9
93 667 53 6.8
94 458 30 29.0
95 782 16 90.7
96 175 8 1.3
97 1356 25 69.6
98 478 53 20.6
99 990 5 39.1
100 618 58 92.1
101 1383 55 97.5
102 582 51 88.6
103 1245 26 84.2
104 82 53 75.6
105 891 1 86.3
106 562 11 73.0
107 770 35 18.8
108 8 48 36.5
109 856 45 58.6
110 879 21 64.0
111 366 41 85.1
112 368 57 71.7
113 687 18 27.4
114 366 48 46.6
115 1396 3 49.0
116 143 45 96.9
117 278 6 61.4
118 419 11 92.8
119 472 1 37.9
120 654 30 89.8
121 943 10 68.9
122 810 10 29.4
123 842 56 10.6
124 1164 52 57.9
125 277 39 8.1
126 857 23 46.2
127 598 14 41.5
128 1368 14 11.9
129 679 48 86.2
130 123 56 44.7
131 480 1 11.8
132 1203 24 63.8
133 1166 34 95.2
134 858 39 45.4
135 731 22 69.6
136 1398 37 96.3
137 261 15 39.1
138 62 12 91.2
139 194 11 39.4
140 85 37 95.7
141 1166 21 94.4
142 699 33 89.0
143 123 59 61.4
144 1095 40 53.3
145 808 31 39.5
146 672 59 32.3
147 1360 34 65.0
148 659 25 48.2
149 1274 26 83.9
