146
1 988 29 57.4
2 728 29 86.9
3 587 50 98.3
4 1006 27 80.9
5 1428 53 64.8
6 1364 13 20.0
7 772 59 4.7
8 79 40 46.9
9 3 5 40.1
10 169 51 27.0
11 690 56 5.8
12 680 17 57.5
13 46 54 9.1
14 1376 57 38.6
15 1351 6 36.4
16 852 35 29.0
17 808 7 82.4
18 344 28 62.1
19 4 3 90.5
20 994 51 48.7
21 254 8 93.9
22 1278 16 91.1
23 237 47 64.6
24 558 23 22.7
25 276 58 6.5
26 657 29 65.4
27 1217 21 48.1
28 851 4 5.2
29 450 27 80.8
30 724 59 6.2
31 43 31 21.4
32 190 5 3.2
33 1039 3 2.8
34 1357 54 21.9
35 686 15 12.6
36 238 46 70.8
37 304 5 90.3
38 248 38 77.3
39 1198 56 1.3
40 517 55 52.3
41 38 7 29.6
42 809 24 6.9
43 722 30 71.6
44 91 42 39.3
45 359 50 9.9
46 27 49 88.2
47 714 40 36.6
48 844 56 81.5
49 975 23 77.2
50 1024 26 72.1
51 33 34 75.6
52 100 26 82.3
53 708 13 28.3
54 437 2 88.4
55 335 22 2.2
56 1227 37 38.6
57 57 36 71.1
58 901 28 47.6
59 780 2 35.3
60 759 38 58.0
61 1238 20 75.5
62 285 12 25.0
63 107 2 59.6
64 237 38 65.4
65 1385 1 66.3
66 869 8 1.4
67 1405 14 25.6
68 1333 21 55.7
69 706 6 57.4
70 280 22 74.7
71 290 53 1.5
72 1132 56 55.8
73 153 33 98.3
74 144 39 73.7
75 212 8 8.3
76 148 41 2.3
77 60 41 94.6
78 1077 51 83.0
79 132 39 47.7
80 453 31 40.3
81 875 24 11.2
82 918 10 68.4
83 505 7 56.8
84 1170 40 86.4
85 934 39 70.3
86 1206 5 69.7
87 617 51 63.6
88 1410 15 24.4
89 563 56 64.1
90 994 1 34.6
91 28 14 84.5
92 1250 15 22.6
93 1049 29 11.1
94 785 14 67.6
95 354 12 52.4
96 829 6 21.2
97 503 37 86.3
98 296 14 28.4
99 1157 51 41.1
100 1160 26 33.1
101 873 19 42.0
102 199 15 66.1
103 192 32 9.7
104 264 19 4.1
105 1257 25 39.2
106 296 24 89.1
107 85 26 3.5
108 1329 38 65.4
109 663 59 47.1
110 278 52 97.5
111 964 45 2.1
112 310 42 41.9
113 792 4 31.3
114 1296 33 63.0
115 1007 42 53.8
116 1294 13 81.1
117 465 32 7.7
118 1250 40 67.3
119 399 4 15.5
120 1076 19 94.6
121 1160 47 33.8
122 1337 50 51.4
123 747 41 89.8
124 1053 36 55.5
125 1132 19 68.0
126 589 19 70.7
127 564 39 34.4
128 684 50 88.0
129 292 3 82.8
130 800 51 77.5
131 770 31 53.5
132 899 35 44.2
133 622 39 7.8
134 527 38 78.9
135 444 42 73.3
136 621 22 29.4
137 929 43 5.1
138 564 51 57.0
139 1398 55 50.2
140 286 53 13.0
141 779 37 60.4
142 668 35 48.9
143 1100 3 54.4
144 200 59 56.8
145 1327 11 69.3
146 572 53 17.0
