102
1 692 14 14.2
2 1433 15 67.9
3 704 12 59.0
4 147 15 77.2
5 955 24 69.7
6 829 46 87.4
7 1262 40 64.8
8 981 28 90.6
9 656 49 10.7
10 1207 8 18.2
11 196 35 60.7
12 458 54 63.2
13 44 11 90.5
14 331 36 32.4
15 607 28 17.2
16 7 35 55.5
17 266 40 31.9
18 407 17 58.5
19 564 14 9.3
20 122 1 49.5
21 450 4 91.4
22 841 33 60.1
23 1311 5 44.1
24 1048 1 4.6
25 1019 10 53.1
26 1024 31 72.4
27 167 29 85.2
28 907 54 32.4
29 1064 23 25.0
30 1178 47 35.1
31 200 28 70.9
32 599 51 26.0
33 439 12 96.9
34 98 33 69.4
35 644 36 51.7
36 212 3 34.0
37 1371 23 2.8
38 414 28 51.0
39 448 14 75.9
40 1183 47 83.3
41 881 55 31.4
42 643 2 44.6
43 390 49 60.2
44 194 54 16.1
45 39 53 9.0
46 318 53 71.5
47 1227 26 60.2
48 320 4 83.7
49 1371 38 30.3
50 1146 8 11.0
51 1181 34 20.8
52 607 19 42.6
53 660 53 10.3
54 213 28 47.5
55 595 3 77.0
56 272 51 45.7
57 1121 19 76.1
58 503 55 28.1
59 617 54 97.5
60 222 2 32.9
61 894 4 50.8
62 757 54 41.0
63 195 59 64.8
64 547 21 96.4
65 1334 39 88.1
66 872 27 93.8
67 63 13 74.5
68 1387 44 85.4
69 178 10 79.5
70 1259 16 17.2
71 1431 29 5.2
72 1295 22 28.1
73 280 3 25.2
74 656 16 30.6
75 1199 3 20.9
76 1287 54 20.0
77 739 8 97.3
78 1266 44 36.2
79 1403 35 77.4
80 735 5 90.2
81 554 44 6.4
82 938 27 63.6
83 369 11 86.5
84 588 22 47.0
85 1176 19 47.2
86 1308 51 87.8
87 1019 54 18.4
88 933 22 23.1
89 795 26 73.2
90 826 41 46.1
91 900 18 77.7
92 375 10 18.8
93 646 18 16.3
94 42 42 59.4
95 217 52 28.1
96 1397 2 63.4
97 1308 50 62.7
98 472 17 88.1
99 695 44 51.8
100 10 26 29.9
101 367 13 26.4
102 203 56 25.5
