174
1 371 33 23.6
2 684 39 16.7
3 74 4 76.5
4 533 54 55.1
5 719 23 31.9
6 307 14 63.0
7 320 17 80.8
8 1412 13 95.1
9 928 39 87.6
10 751 38 45.9
11 477 36 22.8
12 938 51 43.0
13 430 34 74.6
14 318 40 34.2
15 139 9 67.6
16 804 9 24.7
17 1328 31 34.0
18 14 7 21.2
19 68 12 67.5
20 177 51 6.7
21 438 28 56.8
22 729 51 25.0
23 1069 25 39.5
24 569 59 7.4
25 844 26 65.0
26 1199 15 39.9
27 1438 51 49.9
28 946 4 31.6
29 1036 42 72.5
30 336 52 10.4
31 1080 15 76.5
32 1208 15 88.6
33 320 47 28.3
34 345 31 44.3
35 984 57 18.5
36 363 2 52.1
37 472 57 11.8
38 862 15 47.5
39 903 38 56.8
40 188 58 19.4
41 1439 30 78.6
42 394 22 96.9
43 1314 47 46.0
44 1290 14 44.8
45 1054 37 43.2
46 1251 31 38.8
47 268 8 30.2
48 326 56 48.0
49 1154 10 78.7
50 231 21 81.0
51 969 23 77.2
52 642 24 7.7
53 363 27 5.9
54 30 11 4.5
55 1400 30 24.4
56 45 13 91.1
57 1281 39 32.2
58 595 31 72.4
59 624 18 88.9
60 722 29 48.8
61 688 29 96.5
62 1019 35 89.3
63 908 24 8.6
64 912 17 1.4
65 1386 32 8.2
66 825 12 72.1
67 1085 25 88.4
68 850 22 52.6
69 158 14 10.5
70 699 17 67.1
71 68 52 21.7
72 780 34 11.3
73 959 38 78.9
74 1104 45 74.6
75 1255 6 85.1
76 1331 24 68.3
77 548 7 83.2
78 901 26 98.5
79 698 12 53.4
80 257 13 23.7
81 420 46 4.7
82 986 58 39.7
83 307 52 40.4
84 429 41 49.2
85 1412 44 37.4
86 434 20 79.8
87 342 41 75.0
88 268 27 19.3
89 185 8 34.6
90 1014 5 25.3
91 1326 58 35.1
92 84 55 56.3
93 1346 41 45.6
94 601 6 65.5
95 165 9 3.3
96 1286 34 5.0
97 709 5 35.9
98 1199 14 22.6
99 1122 9 67.8
100 210 36 34.8
101 1423 7 97.6
102 266 18 67.3
103 652 37 56.0
104 1379 35 79.8
105 724 50 15.5
106 1264 7 15.9
107 990 47 62.1
108 1138 15 37.3
109 1375 13 98.7
110 1199 12 64.3
111 64 53 28.7
112 879 33 86.1
113 278 9 65.1
114 1160 47 85.4
115 1080 10 35.4
116 726 18 81.0
117 650 41 1.3
118 873 10 49.7
119 165 25 79.6
120 426 56 10.7
121 1320 57 39.9
122 950 47 72.5
123 355 23 32.2
124 941 27 63.9
125 496 34 62.5
126 720 4 72.6
127 1337 48 62.7
128 168 7 13.4
129 343 42 46.9
130 886 3 94.1
131 210 22 3.4
132 95 20 97.5
133 227 11 81.1
134 1321 37 20.0
135 1147 32 52.2
136 638 23 68.4
137 892 44 92.4
138 39 47 49.7
139 1311 30 85.7
140 4 12 37.2
141 281 54 57.4
142 25 39 61.5
143 853 46 30.5
144 200 9 24.1
145 1190 36 67.5
146 722 5 66.8
147 217 17 91.2
148 470 33 48.2
149 875 52 96.6
150 327 32 90.4
151 1084 38 16.4
152 1038 28 64.2
153 228 28 56.8
154 881 4 27.7
155 1382 6 59.3
156 87 30 99.3
157 1403 28 25.8
158 1271 18 65.7
159 1348 18 28.3
160 534 18 29.9
161 1014 35 60.8
162 938 40 5.3
163 1322 18 41.0
164 481 45 33.1
165 833 30 61.8
166 361 45 71.6
167 1281 27 42.9
168 941 20 25.9
169 1171 22 35.3
170 724 45 33.7
171 870 51 23.9
172 1144 12 42.0
173 978 34 31.0
174 389 56 84.6
