187
1 1217 19 18.8
2 623 25 28.7
3 477 30 77.4
4 713 10 57.7
5 749 39 19.9
6 1361 26 33.1
7 359 8 6.9
8 1231 54 82.9
9 1125 40 40.9
10 1026 22 41.6
11 265 32 24.0
12 774 47 6.1
13 1118 31 98.0
14 511 18 3.0
15 984 23 24.9
16 265 21 63.7
17 1363 30 17.2
18 969 22 31.2
19 322 50 8.4
20 1346 32 65.8
21 332 41 94.1
22 107 52 75.1
23 498 56 74.2
24 137 10 32.3
25 620 5 8.5
26 1127 24 76.4
27 902 40 97.0
28 933 20 1.4
29 1021 6 19.4
30 897 45 55.8
31 727 3 80.3
32 1312 10 7.6
33 1358 9 53.5
34 1049 46 32.3
35 1136 47 63.9
36 97 39 17.5
37 439 28 17.6
38 534 30 2.4
39 1344 12 65.5
40 1068 4 93.7
41 1381 16 36.1
42 1436 36 11.3
43 434 31 57.0
44 892 53 73.2
45 794 45 71.2
46 292 48 46.1
47 125 6 22.1
48 731 36 43.4
49 1382 37 41.5
50 900 31 71.4
51 1235 21 86.9
52 402 44 88.6
53 680 36 54.3
54 718 56 14.9
55 959 59 22.0
56 157 14 62.1
57 1034 20 78.3
58 676 41 41.6
59 726 24 64.5
60 221 31 64.3
61 432 50 77.5
62 688 6 90.0
63 532 22 23.9
64 491 41 77.0
65 1225 10 26.3
66 1310 30 69.0
67 511 19 69.4
68 35 20 60.3
69 1202 58 34.4
70 260 34 25.4
71 136 33 8.1
72 16 7 66.9
73 631 9 79.3
74 1346 24 35.7
75 38 16 54.1
76 1241 56 55.7
77 1070 20 14.4
78 1292 10 73.0
79 254 38 66.6
80 1207 10 96.2
81 957 17 58.3
82 979 5 52.2
83 858 49 4.4
84 727 49 67.7
85 864 22 89.5
86 304 12 8.5
87 914 52 35.1
88 905 9 67.3
89 1102 6 1.0
90 543 43 40.4
91 972 41 27.6
92 1229 15 67.2
93 1063 35 1.9
94 469 1 84.7
95 1186 38 66.3
96 292 29 67.8
97 856 23 66.9
98 1269 25 63.6
99 761 11 57.8
100 1272 29 79.0
101 1246 48 75.2
102 826 49 17.5
103 980 37 17.8
104 1106 23 32.4
105 1075 46 13.6
106 127 21 86.3
107 443 35 9.5
108 883 16 26.0
109 616 37 20.9
110 785 45 65.1
111 598 59 39.0
112 1241 12 53.7
113 757 41 95.8
114 1354 16 30.9
115 1033 32 15.5
116 363 28 55.7
117 59 1 63.0
118 210 40 55.1
119 1337 55 11.6
120 218 39 22.1
121 57 4 91.4
122 211 32 88.4
123 209 46 32.3
124 1071 17 39.1
125 1146 57 57.7
126 1241 18 94.9
127 603 35 6.0
128 1381 53 80.6
129 482 40 36.0
130 899 12 23.0
131 307 52 43.8
132 1288 46 46.6
133 212 23 67.0
134 887 53 99.2
135 1011 15 80.5
136 679 21 35.2
137 994 32 68.4
138 89 51 44.7
139 721 30 22.6
140 1350 59 14.5
141 988 8 92.2
142 156 33 17.7
143 966 20 87.5
144 608 46 43.1
145 23 46 14.2
146 467 42 80.7
147 1354 27 24.3
148 763 42 47.7
149 100 50 47.8
150 1427 7 99.0
151 892 36 79.3
152 1166 47 24.8
153 996 24 70.5
154 615 14 42.4
155 1245 2 30.7
156 223 34 4.1
157 178 39 29.1
158 1084 32 86.5
159 571 16 63.9
160 1125 17 47.2
161 591 37 51.1
162 350 1 76.1
163 699 4 6.4
164 1353 11 97.9
165 66 42 83.0
166 531 31 26.0
167 524 15 13.6
168 1291 34 19.5
169 360 32 26.7
170 313 10 18.6
171 235 46 7.7
172 1430 13 1.3
173 509 29 38.8
174 491 11 71.7
175 1081 56 92.5
176 360 11 13.4
177 927 50 87.3
178 206 13 7.9
179 681 31 38.6
180 144 25 69.2
181 611 20 21.8
182 659 30 89.0
183 374 3 74.9
184 824 5 58.4
185 777 30 2.2
186 1420 10 9.3
187 270 40 3.6
