179
1 1360 35 7.8
2 1093 50 93.5
3 448 11 37.3
4 534 40 71.2
5 1380 45 85.2
6 977 29 97.7
7 90 26 65.5
8 598 55 39.7
9 6 37 66.4
10 1156 3 44.9
11 700 31 97.4
12 1094 55 25.1
13 183 5 66.7
14 1146 42 22.4
15 289 25 84.0
16 693 56 12.4
17 829 55 90.8
18 1015 13 37.7
19 431 18 94.6
20 821 13 29.6
21 784 9 13.2
22 1225 27 37.3
23 1405 8 22.2
24 989 17 99.3
25 228 53 4.4
26 474 42 47.6
27 1321 43 75.5
28 845 29 42.0
29 30 40 25.6
30 386 11 8.1
31 800 52 40.1
32 273 18 87.8
33 498 16 11.0
34 896 28 16.0
35 1182 36 52.4
36 961 40 39.1
37 345 1 28.3
38 318 6 25.7
39 694 50 82.0
40 995 24 39.1
41 1351 48 22.5
42 994 5 74.6
43 227 31 63.8
44 42 33 85.3
45 121 45 52.2
46 298 42 7.3
47 575 6 47.5
48 555 57 8.5
49 1205 49 53.4
50 182 51 14.8
51 995 7 55.1
52 1285 53 4.0
53 863 26 63.4
54 789 8 77.9
55 1019 52 59.7
56 974 57 20.2
57 274 47 2.8
58 788 38 39.8
59 105 46 58.2
60 419 36 43.9
61 1432 24 12.6
62 25 20 44.2
63 1178 23 73.6
64 906 12 89.0
65 498 56 43.7
66 970 28 36.0
67 196 41 31.1
68 1368 25 9.7
69 1069 2 16.4
70 1435 35 77.0
71 1389 26 14.5
72 1207 7 36.9
73 626 5 5.5
74 926 38 78.3
75 891 54 57.1
76 334 20 19.6
77 939 22 8.9
78 1412 43 57.1
79 1025 46 45.7
80 1384 20 2.7
81 48 22 32.3
82 97 32 91.6
83 1025 10 87.5
84 587 4 3.2
85 550 2 35.6
86 935 2 86.7
87 988 31 38.3
88 572 54 11.8
89 837 52 6.3
90 753 37 82.9
91 133 50 73.5
92 1062 3 78.7
93 428 52 20.6
94 663 58 61.0
95 785 51 96.2
96 679 32 1.8
97 467 42 94.5
98 353 45 1.4
99 370 12 18.5
100 537 18 13.9
101 733 16 10.4
102 46 18 48.3
103 305 18 1.1
104 433 22 82.2
105 688 23 70.4
106 842 43 44.9
107 629 26 15.7
108 821 26 17.3
109 241 17 92.9
110 1073 52 9.6
111 178 3 69.0
112 280 54 47.3
113 382 19 41.9
114 266 5 61.2
115 634 41 98.1
116 1199 15 81.9
117 764 59 47.7
118 402 9 88.3
119 360 2 46.5
120 379 36 12.8
121 120 43 26.9
122 870 43 94.3
123 1229 55 28.6
124 582 56 54.8
125 71 52 63.3
126 460 57 88.2
127 75 42 63.8
128 1176 21 28.1
129 152 10 70.9
130 1378 30 64.1
131 434 43 35.8
132 877 48 77.3
133 1329 11 59.8
134 375 59 85.4
135 967 38 48.3
136 985 38 73.2
137 968 40 10.0
138 285 57 38.7
139 462 18 69.8
140 505 49 75.0
141 101 27 79.1
142 1275 7 82.7
143 680 16 3.2
144 640 51 6.4
145 1080 57 49.7
146 272 57 45.2
147 1216 43 40.1
148 685 19 39.1
149 551 35 87.5
150 1014 29 4.4
151 1379 20 18.6
152 474 39 61.5
153 767 24 65.5
154 1282 11 12.3
155 1350 18 33.9
156 654 12 30.1
157 793 5 37.1
158 692 51 7.1
159 17 14 66.6
160 126 52 15.1
161 710 57 74.2
162 418 23 64.0
163 989 56 60.3
164 404 56 89.5
165 317 43 76.0
166 490 17 14.8
167 723 49 82.5
168 1191 7 64.8
169 1393 42 9.7
170 597 10 57.5
171 1008 9 35.6
172 994 31 35.8
173 1269 25 25.4
174 1173 19 18.2
175 482 13 76.7
176 136 51 14.7
177 279 13 40.6
178 39 51 32.8
179 1348 51 7.4
