156
1 775 31 27.3
2 93 9 28.7
3 162 16 77.8
4 613 13 85.4
5 1095 14 26.3
6 205 32 84.0
7 1086 57 54.1
8 175 7 84.9
9 1105 42 74.4
10 1237 49 3.3
11 1401 51 54.2
12 1156 54 10.2
13 1274 18 17.3
14 550 45 18.9
15 1390 47 29.0
16 619 23 43.5
17 514 45 75.5
18 972 38 17.7
19 1109 25 89.4
20 577 5 80.7
21 610 19 27.1
22 1435 56 4.1
23 263 41 4.8
24 1356 49 85.2
25 1129 26 5.8
26 846 22 28.2
27 1414 47 9.2
28 747 49 55.5
29 532 14 34.5
30 238 7 16.0
31 857 54 17.5
32 513 52 53.9
33 328 59 57.7
34 9 18 68.6
35 968 23 50.2
36 871 12 5.8
37 1399 36 28.4
38 914 48 87.0
39 988 51 87.9
40 1325 36 95.8
41 1222 56 51.5
42 1151 12 32.9
43 1205 44 13.1
44 1194 24 28.2
45 1240 31 12.2
46 437 54 64.7
47 969 47 1.4
48 658 25 88.4
49 728 49 66.2
50 911 38 11.3
51 654 45 67.6
52 1116 20 4.4
53 1271 4 71.0
54 1084 15 32.4
55 959 52 26.7
56 1184 40 24.4
57 756 37 38.9
58 606 3 3.9
59 440 41 53.7
60 337 27 92.8
61 517 2 87.5
62 899 4 44.0
63 1386 23 64.2
64 469 50 73.0
65 258 44 63.0
66 1296 15 76.4
67 1169 4 37.3
68 480 29 53.3
69 1084 1 37.7
70 1041 58 65.6
71 531 4 92.1
72 835 4 29.1
73 1267 31 97.9
74 369 35 75.4
75 810 36 48.0
76 1002 37 98.5
77 1102 12 21.1
78 880 56 84.5
79 1433 33 72.3
80 793 55 7.1
81 70 41 1.5
82 591 47 20.4
83 412 9 5.8
84 400 30 86.9
85 840 50 69.4
86 64 53 81.9
87 1436 53 88.2
88 1300 4 48.0
89 1168 9 1.7
90 1359 56 76.7
91 114 15 5.0
92 1286 55 92.4
93 1051 54 21.8
94 215 35 29.8
95 790 20 84.4
96 201 44 34.2
97 1385 35 17.9
98 528 56 87.3
99 456 59 40.6
100 849 51 38.0
101 70 50 77.0
102 849 31 76.2
103 591 37 66.4
104 357 33 40.0
105 824 32 10.8
106 500 41 10.4
107 648 11 43.3
108 964 6 10.2
109 1378 43 11.7
110 552 8 87.7
111 779 54 83.2
112 516 9 57.3
113 1005 56 13.2
114 794 16 38.1
115 534 25 32.5
116 747 25 39.9
117 793 23 67.5
118 723 19 67.5
119 1376 52 78.3
120 605 21 70.7
121 1104 28 74.3
122 169 45 38.6
123 1298 23 17.7
124 699 3 92.4
125 1291 12 88.3
126 598 23 89.9
127 553 21 18.2
128 9 51 46.2
129 269 5 71.6
130 727 15 90.6
131 446 12 51.6
132 1399 58 81.3
133 904 50 28.2
134 464 43 20.4
135 783 56 23.9
136 19 22 46.5
137 1179 11 12.5
138 243 28 29.6
139 1146 57 71.6
140 798 8 37.0
141 913 41 40.0
142 996 26 48.5
143 1305 21 69.6
144 1361 15 97.1
145 187 20 9.2
146 27 16 41.4
147 1408 36 16.5
148 1221 48 41.8
149 598 23 47.6
150 1083 56 64.8
151 831 32 63.9
152 369 25 47.4
153 182 3 40.1
154 968 28 74.5
155 508 24 33.2
156 381 12 21.1
