151
1 116 35 64.7
2 1069 21 27.8
3 1232 53 23.9
4 199 14 17.3
5 238 3 95.8
6 576 23 16.9
7 1104 23 96.6
8 850 36 69.3
9 913 27 88.6
10 822 8 50.9
11 312 14 24.1
12 548 4 36.4
13 540 59 18.4
14 1219 42 37.3
15 938 36 30.8
16 494 34 73.3
17 415 3 83.7
18 1143 12 11.4
19 908 6 78.1
20 732 54 71.8
21 137 12 17.6
22 820 26 61.2
23 138 12 24.0
24 1429 39 1.6
25 1286 29 40.6
26 210 4 98.7
27 610 23 1.8
28 81 28 12.1
29 649 57 79.6
30 48 55 6.8
31 981 13 38.2
32 1377 3 24.9
33 661 47 50.0
34 1094 37 83.8
35 1063 20 14.1
36 1138 49 41.5
37 455 16 64.3
38 1382 58 33.7
39 9 16 0.8
40 1096 19 59.4
41 50 53 6.6
42 749 7 16.3
43 356 18 69.0
44 1080 37 17.5
45 10 40 88.3
46 670 15 71.5
47 18 26 35.0
48 558 42 42.2
49 1183 8 12.0
50 179 10 92.6
51 999 21 33.4
52 549 59 60.9
53 749 44 4.5
54 512 30 5.1
55 1182 59 14.7
56 226 59 27.3
57 758 21 30.7
58 1244 49 38.2
59 198 46 71.3
60 572 11 59.3
61 774 59 73.9
62 1121 58 98.4
63 1320 39 22.0
64 1366 47 93.3
65 1433 40 97.2
66 468 51 85.5
67 368 9 39.0
68 533 44 59.6
69 574 35 69.3
70 486 18 45.6
71 1031 45 29.8
72 489 10 72.3
73 1414 53 93.3
74 89 58 80.2
75 1229 40 86.0
76 270 55 99.4
77 466 4 44.6
78 537 29 48.5
79 842 18 71.3
80 1259 17 1.2
81 923 36 63.2
82 702 56 38.6
83 643 50 10.8
84 1239 2 79.9
85 1125 36 47.8
86 1122 58 28.5
87 35 45 20.5
88 721 10 13.1
89 766 52 4.9
90 572 7 4.2
91 1353 28 16.0
92 44 25 89.1
93 880 21 43.0
94 1064 14 47.5
95 1028 54 28.2
96 521 38 59.2
97 658 53 23.7
98 800 2 11.1
99 951 24 14.5
100 1392 13 17.8
101 598 23 64.9
102 1312 56 49.9
103 742 5 54.2
104 668 44 45.3
105 1300 17 94.3
106 146 49 7.8
107 972 13 75.1
108 227 10 8.6
109 674 36 64.7
110 450 6 78.7
111 369 8 86.2
112 562 27 81.8
113 960 5 41.6
114 1100 5 20.3
115 258 49 47.9
116 176 52 89.3
117 1119 39 16.3
118 1188 16 50.2
119 525 8 74.0
120 217 17 63.9
121 1297 22 15.5
122 395 30 32.6
123 815 28 88.2
124 1236 26 55.3
125 20 26 62.2
126 230 1 17.1
127 965 1 7.0
128 770 19 98.5
129 1052 58 28.6
130 1147 9 5.2
131 347 3 47.7
132 236 55 30.9
133 1318 54 70.1
134 1084 9 14.8
135 1111 31 43.0
136 193 27 89.8
137 659 3 3.5
138 1397 21 84.3
139 734 38 92.5
140 1111 48 77.0
141 937 18 81.4
142 493 3 44.4
143 276 5 39.0
144 1236 5 62.6
145 1051 59 39.1
146 1279 57 70.5
147 1395 59 94.6
148 1041 7 27.9
149 73 21 9.1
150 877 55 12.2
151 440 9 33.8
