159
1 689 31 9.6
2 743 24 35.3
3 1211 6 55.5
4 325 56 69.0
5 313 29 30.4
6 904 11 92.0
7 201 23 85.6
8 1270 46 3.2
9 669 37 82.5
10 1056 45 53.0
11 544 13 65.7
12 277 39 8.4
13 814 50 61.2
14 251 33 95.2
15 509 23 66.9
16 178 53 5.2
17 411 12 66.5
18 540 5 45.0
19 690 31 7.7
20 1218 29 73.4
21 1400 38 60.2
22 858 41 86.7
23 231 15 23.5
24 1247 27 80.8
25 1019 21 60.8
26 652 20 10.4
27 214 56 30.6
28 162 18 90.7
29 212 46 80.4
30 610 54 73.6
31 648 32 5.3
32 386 26 82.9
33 765 7 84.8
34 1344 36 25.1
35 1241 50 17.9
36 898 26 13.6
37 984 32 54.6
38 619 6 96.4
39 1320 36 44.4
40 1306 54 69.3
41 987 13 60.8
42 1191 58 95.2
43 225 42 66.1
44 439 20 19.3
45 412 48 6.0
46 533 51 6.9
47 359 53 84.7
48 1274 45 93.8
49 1218 31 36.2
50 272 45 80.1
51 1091 3 69.0
52 352 51 5.5
53 97 58 3.2
54 1220 33 51.1
55 817 10 69.9
56 561 55 30.3
57 1342 15 19.6
58 942 32 54.4
59 1228 37 58.8
60 263 16 72.3
61 831 9 65.7
62 670 29 39.9
63 220 39 30.6
64 831 51 83.3
65 398 30 49.4
66 401 41 41.8
67 562 46 42.5
68 531 18 29.8
69 860 28 29.3
70 1245 44 83.9
71 1131 34 98.7
72 996 50 6.8
73 1316 27 71.1
74 593 49 66.3
75 1173 5 34.9
76 199 16 79.1
77 1422 52 46.0
78 751 53 98.8
79 1370 24 24.3
80 669 4 24.8
81 673 28 37.8
82 48 22 63.6
83 98 21 88.0
84 1145 14 8.0
85 1043 20 54.3
86 975 32 1.9
87 952 40 33.6
88 1026 36 45.2
89 978 52 94.4
90 604 2 63.5
91 1140 53 77.6
92 368 27 18.3
93 1260 56 58.2
94 844 17 80.2
95 116 33 6.2
96 397 14 78.2
97 1303 21 57.9
98 95 46 34.8
99 869 29 52.9
100 1064 18 57.3
101 1422 34 70.7
102 583 8 3.3
103 723 9 55.4
104 1313 50 87.6
105 156 3 62.8
106 1332 21 52.1
107 1066 43 38.7
108 594 6 94.3
109 409 17 63.6
110 570 54 94.3
111 1187 8 19.0
112 955 2 52.5
113 638 7 58.7
114 1237 26 89.9
115 1308 41 11.0
116 500 5 6.6
117 1237 20 71.9
118 882 58 25.8
119 134 33 7.1
120 328 39 3.5
121 874 38 39.8
122 356 18 97.6
123 1373 20 10.7
124 1429 23 96.0
125 696 54 82.9
126 499 57 5.3
127 126 13 48.9
128 366 27 78.8
129 369 24 89.6
130 1080 43 43.8
131 1398 1 92.5
132 324 9 87.4
133 719 33 22.5
134 1258 32 6.7
135 1408 10 74.1
136 854 58 8.7
137 484 52 90.9
138 1120 59 82.0
139 300 19 80.1
140 322 1 45.8
141 1010 24 97.5
142 394 58 25.3
143 367 48 70.2
144 1072 19 37.1
145 686 38 15.2
146 1347 22 99.3
147 1273 23 46.5
148 52 11 55.2
149 1040 37 49.2
150 342 27 14.0
151 1100 22 37.9
152 1421 46 5.0
153 264 42 10.9
154 385 26 79.3
155 507 55 15.4
156 720 35 1.1
157 636 43 42.9
158 791 58 61.3
159 1193 7 98.5
