153
1 466 38 24.7
2 1265 27 48.1
3 242 37 69.8
4 1175 45 13.7
5 364 9 34.0
6 102 13 55.2
7 972 1 66.0
8 995 44 12.0
9 91 55 76.8
10 654 4 69.1
11 1238 25 91.2
12 1200 19 74.9
13 825 35 7.1
14 927 46 72.3
15 90 17 66.1
16 148 21 16.4
17 58 5 48.9
18 532 46 34.7
19 188 24 83.6
20 420 37 88.0
21 221 10 58.9
22 1126 35 15.2
23 1117 52 43.6
24 1395 42 35.9
25 721 53 39.5
26 113 24 61.2
27 854 23 45.3
28 1057 57 59.3
29 22 26 91.1
30 433 10 11.8
31 863 35 77.6
32 280 33 98.3
33 1035 19 95.5
34 846 11 53.4
35 83 49 96.9
36 422 8 41.7
37 1286 18 58.6
38 994 14 1.5
39 556 33 36.6
40 1012 26 77.4
41 630 42 91.5
42 623 36 64.0
43 189 38 8.1
44 1007 43 27.4
45 976 44 41.3
46 706 54 55.4
47 1029 2 40.4
48 645 4 14.7
49 795 16 75.5
50 791 50 73.3
51 285 13 95.7
52 351 33 73.6
53 1323 43 58.6
54 1066 42 17.7
55 45 33 13.3
56 1382 31 4.7
57 1009 59 15.8
58 615 54 90.7
59 770 7 15.8
60 438 32 69.1
61 1022 12 58.2
62 986 44 71.2
63 1290 40 58.2
64 220 54 65.7
65 1035 19 46.3
66 932 2 27.2
67 1262 31 1.0
68 967 40 16.9
69 102 58 35.0
70 1137 32 55.2
71 1370 55 5.7
72 478 36 96.0
73 498 43 97.0
74 1318 11 0.8
75 1082 37 14.2
76 107 52 22.7
77 415 22 81.1
78 944 41 60.7
79 575 18 14.3
80 250 45 53.1
81 1279 21 9.6
82 450 46 85.8
83 726 41 25.4
84 1400 42 7.8
85 1262 11 95.8
86 99 55 6.7
87 543 10 11.9
88 1014 14 30.8
89 917 34 51.7
90 407 15 17.7
91 8 20 66.1
92 1070 15 88.4
93 259 42 97.9
94 633 56 51.3
95 281 5 20.4
96 810 9 55.0
97 282 46 83.7
98 1149 51 16.9
99 472 1 64.3
100 502 54 59.6
101 930 41 82.4
102 882 54 36.5
103 1257 32 68.4
104 417 46 0.8
105 384 3 24.8
106 35 16 76.0
107 73 40 13.9
108 592 39 29.4
109 1213 22 6.1
110 1188 47 35.3
111 1076 42 12.5
112 605 51 77.2
113 809 19 22.4
114 604 57 71.4
115 327 16 95.8
116 9 22 8.5
117 481 55 84.7
118 1356 21 78.3
119 1000 50 96.4
120 698 35 68.7
121 483 37 19.9
122 82 32 94.2
123 951 25 97.0
124 324 56 93.2
125 16 16 45.5
126 1126 18 99.0
127 780 29 39.2
128 256 7 32.5
129 1439 29 43.1
130 1247 1 98.7
131 1027 57 19.0
132 74 54 67.2
133 715 40 50.5
134 971 42 78.9
135 602 41 9.8
136 546 36 63.0
137 476 24 2.7
138 355 1 75.8
139 742 58 88.4
140 847 12 0.5
141 532 4 30.9
142 472 55 58.6
143 1249 6 7.3
144 676 51 58.5
145 562 41 39.6
146 1323 13 28.8
147 420 28 93.5
148 1322 50 69.5
149 1342 5 89.3
150 356 24 30.5
151 683 43 3.6
152 576 23 85.9
153 71 24 19.4
