178
1 1250 2 4.0
2 467 42 64.0
3 531 26 20.7
4 855 56 46.4
5 555 19 58.9
6 288 18 38.9
7 1120 31 22.3
8 393 2 8.8
9 1261 40 14.6
10 311 15 50.1
11 395 51 76.8
12 940 24 39.0
13 1183 51 3.7
14 739 1 9.3
15 1196 8 53.6
16 645 36 46.6
17 1060 13 5.7
18 128 15 97.8
19 1110 29 6.5
20 1365 4 26.3
21 1309 18 78.0
22 433 42 45.6
23 1090 30 20.9
24 1247 20 76.2
25 760 35 33.8
26 942 31 18.7
27 512 53 24.1
28 594 35 69.0
29 282 23 48.9
30 954 52 9.8
31 77 9 8.4
32 173 42 94.1
33 747 52 69.2
34 1207 17 97.8
35 294 9 14.0
36 1302 54 21.4
37 533 24 2.2
38 5 43 44.7
39 1220 54 23.1
40 989 12 83.4
41 106 15 94.7
42 7 7 97.9
43 1217 28 44.8
44 706 52 62.0
45 607 55 53.1
46 1220 7 24.8
47 859 6 61.0
48 1196 23 48.6
49 1187 58 33.8
50 725 33 48.8
51 425 37 56.1
52 859 48 7.7
53 853 26 41.9
54 1301 31 57.5
55 885 29 56.5
56 1384 45 89.0
57 1115 15 96.6
58 1216 4 8.3
59 616 56 95.0
60 1394 23 3.0
61 766 49 26.3
62 213 41 53.1
63 901 54 60.9
64 497 21 48.7
65 350 11 52.6
66 1170 51 85.9
67 222 52 15.6
68 153 32 71.6
69 283 10 98.1
70 1310 2 38.8
71 246 14 6.1
72 362 26 67.5
73 1128 33 7.5
74 459 53 44.3
75 936 3 20.2
76 1248 16 74.0
77 1105 59 63.6
78 805 33 99.0
79 250 52 19.0
80 491 15 91.7
81 1128 43 64.5
82 445 59 31.1
83 1082 34 55.4
84 159 25 25.9
85 582 16 22.9
86 401 38 21.5
87 1177 26 69.1
88 632 25 42.2
89 244 59 22.6
90 531 4 19.4
91 1052 44 59.3
92 661 27 10.1
93 892 8 6.1
94 124 45 89.2
95 170 30 65.0
96 1160 29 3.1
97 408 20 90.0
98 1202 38 29.4
99 266 54 71.2
100 611 56 70.9
101 1123 21 21.4
102 484 21 55.2
103 147 39 40.0
104 212 53 29.1
105 1078 36 83.6
106 1010 33 16.6
107 720 17 14.9
108 1266 39 43.4
109 757 43 91.2
110 537 25 24.5
111 501 23 57.2
112 195 53 85.3
113 533 53 79.8
114 97 22 24.5
115 822 44 15.2
116 698 43 17.1
117 457 8 64.4
118 945 27 86.0
119 944 58 88.1
120 1075 35 33.8
121 1100 21 12.0
122 1364 16 45.4
123 73 58 16.4
124 381 42 23.2
125 1267 27 61.2
126 1190 34 39.5
127 43 24 22.7
128 654 6 87.6
129 273 11 31.6
130 842 27 3.8
131 276 58 90.5
132 819 21 85.8
133 1014 47 91.7
134 251 21 6.2
135 582 7 31.3
136 205 15 45.0
137 675 17 93.6
138 1264 43 68.3
139 645 13 60.5
140 11 14 38.9
141 1054 41 12.8
142 1423 5 84.3
143 94 42 83.3
144 669 43 76.8
145 1040 55 98.0
146 122 21 39.1
147 1403 1 66.6
148 772 9 86.6
149 682 7 21.2
150 238 12 26.6
151 744 58 81.2
152 289 55 31.9
153 1253 21 74.8
154 1250 46 83.6
155 166 12 78.6
156 1339 22 6.0
157 385 41 74.9
158 601 32 96.4
159 320 20 38.8
160 314 16 28.5
161 310 4 1.3
162 1055 26 6.1
163 891 11 9.6
164 1344 5 42.3
165 975 5 89.7
166 379 20 38.4
167 353 58 38.0
168 144 40 72.5
169 41 36 95.7
170 649 2 8.3
171 65 57 2.8
172 1119 25 19.4
173 39 50 48.4
174 915 54 15.9
175 754 15 55.7
176 1281 51 37.4
177 424 37 59.5
178 507 35 18.0
