161
1 842 3 29.0
2 610 27 53.1
3 303 2 75.4
4 180 19 16.6
5 1002 48 1.0
6 44 14 54.3
7 357 40 42.3
8 153 17 31.6
9 1007 40 38.3
10 936 4 0.5
11 58 14 31.3
12 450 8 9.4
13 880 55 39.4
14 527 42 67.3
15 78 7 33.0
16 1003 47 78.5
17 467 25 58.2
18 566 5 92.1
19 1138 57 36.7
20 637 1 64.4
21 1134 40 65.1
22 306 45 36.1
23 1237 11 46.8
24 235 33 37.4
25 1218 11 8.5
26 809 5 68.1
27 342 18 49.9
28 342 29 37.7
29 215 29 68.8
30 513 34 26.0
31 768 51 73.0
32 136 48 19.9
33 342 34 29.7
34 406 22 75.2
35 1118 42 66.3
36 341 36 31.5
37 107 10 25.9
38 1234 26 12.0
39 343 10 23.3
40 815 9 18.0
41 428 7 11.3
42 563 43 78.7
43 1322 44 86.0
44 1175 15 88.0
45 583 6 30.8
46 989 36 18.6
47 340 20 1.4
48 982 29 21.8
49 200 32 28.0
50 32 1 27.7
51 343 7 13.5
52 57 2 10.5
53 781 9 34.2
54 30 55 12.7
55 61 23 91.7
56 1007 32 23.4
57 1134 35 77.0
58 439 34 50.9
59 148 29 6.7
60 1245 11 22.4
61 942 17 69.0
62 1360 41 26.6
63 612 37 28.3
64 676 49 40.9
65 986 50 58.5
66 895 53 32.4
67 937 25 29.9
68 1351 22 23.4
69 690 56 3.7
70 1306 37 97.7
71 1042 12 62.4
72 297 29 61.3
73 834 12 71.5
74 670 30 67.1
75 1398 50 10.1
76 1320 56 53.1
77 472 39 70.6
78 355 41 50.8
79 920 57 44.8
80 688 7 32.5
81 1240 40 45.4
82 1252 33 34.5
83 193 23 56.0
84 654 7 12.1
85 417 44 98.1
86 728 33 65.7
87 1428 5 23.8
88 1412 8 36.3
89 93 50 7.1
90 896 13 41.8
91 622 52 34.9
92 1008 43 16.8
93 1215 42 67.1
94 1280 11 53.4
95 14 47 23.4
96 25 55 51.5
97 1038 38 42.9
98 539 25 95.3
99 473 33 8.0
100 1415 50 86.9
101 788 19 4.7
102 635 27 7.3
103 918 35 14.3
104 799 31 61.0
105 496 27 77.3
106 62 23 7.7
107 1439 56 33.9
108 651 39 54.8
109 1257 35 4.1
110 79 2 61.7
111 1296 32 71.9
112 1316 16 89.0
113 466 38 98.1
114 416 19 58.2
115 739 40 49.2
116 1287 19 71.4
117 1217 7 21.9
118 523 49 68.7
119 535 58 52.3
120 429 44 22.9
121 368 48 39.3
122 231 59 62.6
123 826 21 38.9
124 495 2 29.6
125 494 38 84.3
126 1396 28 15.8
127 355 11 1.3
128 1013 45 12.6
129 378 23 34.9
130 1300 28 97.6
131 661 2 36.1
132 559 51 95.8
133 818 25 47.7
134 1299 26 48.6
135 184 45 45.4
136 65 28 32.4
137 649 58 4.6
138 1309 17 27.5
139 1009 5 58.3
140 883 3 48.8
141 192 36 2.9
142 1055 14 91.9
143 918 16 61.7
144 1358 55 43.4
145 103 16 14.3
146 1353 31 50.9
147 1053 40 79.3
148 747 33 18.6
149 626 1 96.0
150 32 15 94.4
151 1249 10 45.9
152 569 31 14.5
153 1337 11 8.1
154 1375 57 35.0
155 1015 21 71.4
156 1402 33 42.9
157 1216 27 20.0
158 1292 38 81.8
159 1359 59 91.0
160 1315 30 59.8
161 1287 39 88.4
