166
1 1371 15 74.3
2 780 21 41.9
3 1279 33 96.4
4 264 45 54.8
5 966 40 83.5
6 1022 37 12.4
7 1075 23 59.1
8 247 39 19.5
9 395 2 46.9
10 61 42 87.8
11 1395 21 97.3
12 608 57 93.1
13 1047 23 80.3
14 347 47 79.9
15 1016 25 88.5
16 929 36 79.0
17 961 48 9.1
18 286 55 1.2
19 907 21 4.1
20 939 27 91.9
21 1193 6 40.2
22 544 17 90.9
23 276 30 75.9
24 864 14 80.5
25 891 4 29.5
26 282 47 43.0
27 1153 52 21.2
28 154 36 81.3
29 559 56 94.0
30 1151 50 92.9
31 1031 35 77.5
32 196 12 66.2
33 426 16 81.1
34 1031 11 48.0
35 1139 51 90.4
36 500 48 76.1
37 1097 54 81.1
38 796 10 12.3
39 493 16 12.2
40 235 19 26.9
41 1418 9 37.4
42 1411 54 2.5
43 598 54 98.5
44 694 37 49.1
45 133 17 39.3
46 1213 44 61.7
47 974 57 71.5
48 785 10 40.0
49 488 52 22.6
50 1147 10 70.9
51 1311 10 79.4
52 544 20 34.8
53 843 30 40.9
54 628 36 65.0
55 1437 6 91.9
56 819 4 18.9
57 410 5 88.4
58 899 34 3.0
59 9 50 55.0
60 296 51 81.7
61 1280 35 64.6
62 1056 30 45.4
63 1137 17 66.4
64 757 13 59.3
65 260 26 43.9
66 405 33 78.3
67 621 55 15.2
68 469 18 10.2
69 679 16 27.3
70 570 10 59.3
71 1300 6 5.4
72 635 37 47.9
73 659 24 43.4
74 801 24 12.2
75 1024 32 85.4
76 822 53 74.0
77 1193 46 90.9
78 599 21 41.7
79 1143 31 52.3
80 190 10 12.1
81 807 19 38.7
82 912 23 42.7
83 354 22 10.7
84 986 32 40.8
85 891 5 85.0
86 309 5 9.6
87 386 9 60.8
88 572 31 56.3
89 1001 56 66.8
90 253 52 18.9
91 656 19 82.2
92 1178 20 79.4
93 1086 15 42.8
94 627 6 45.8
95 51 32 33.7
96 509 50 44.0
97 382 15 75.6
98 1242 58 51.9
99 246 14 10.1
100 481 35 2.2
101 208 21 95.9
102 1121 10 43.9
103 355 37 38.7
104 519 25 44.0
105 861 1 29.1
106 337 4 2.2
107 701 39 42.0
108 230 47 76.4
109 451 57 35.7
110 1293 54 58.9
111 627 18 45.1
112 1204 42 6.0
113 134 6 24.5
114 1216 54 34.8
115 357 34 24.1
116 1043 37 12.4
117 1318 20 56.4
118 1262 27 25.6
119 164 36 0.8
120 1395 23 55.5
121 1360 26 28.6
122 385 48 4.3
123 448 15 30.9
124 259 14 90.8
125 507 54 33.4
126 1312 19 14.2
127 291 2 6.2
128 219 31 50.2
129 383 5 23.4
130 856 14 7.2
131 933 25 81.0
132 79 27 79.3
133 585 48 38.7
134 543 14 69.5
135 1436 7 15.8
136 1006 50 72.9
137 1328 17 23.7
138 683 2 83.8
139 934 16 61.8
140 337 18 76.1
141 591 33 46.2
142 1112 11 33.4
143 939 24 55.7
144 562 27 1.1
145 274 51 74.0
146 667 27 45.2
147 299 4 55.1
148 517 36 92.9
149 1191 3 58.9
150 62 56 69.4
151 1088 24 77.8
152 966 38 19.2
153 393 8 62.6
154 707 3 33.1
155 1316 35 40.0
156 240 43 56.6
157 727 42 47.3
158 475 5 62.5
159 138 18 13.8
160 167 10 74.4
161 1083 7 88.6
162 933 13 0.9
163 982 57 93.9
164 44 50 57.1
165 1183 33 41.9
166 545 16 60.9
