152
1 992 26 66.2
2 242 31 23.7
3 107 42 20.4
4 389 30 87.4
5 698 13 22.0
6 1002 41 21.1
7 569 45 9.4
8 995 11 96.8
9 671 24 72.1
10 221 9 70.4
11 226 35 84.1
12 266 48 41.4
13 896 29 29.0
14 1101 15 19.6
15 756 45 89.6
16 103 16 61.5
17 606 55 8.9
18 247 23 27.2
19 431 35 26.0
20 1086 2 32.7
21 758 53 88.3
22 867 29 54.1
23 26 25 88.5
24 960 15 57.5
25 949 10 65.9
26 853 8 33.5
27 338 18 29.4
28 162 21 37.1
29 498 29 77.4
30 808 25 97.5
31 1098 35 15.9
32 1427 8 5.8
33 316 18 94.8
34 431 47 45.1
35 636 16 63.8
36 991 5 3.0
37 751 42 48.4
38 789 4 28.9
39 661 44 4.4
40 541 46 84.9
41 807 7 70.2
42 947 46 91.4
43 596 3 90.8
44 299 36 50.8
45 213 22 53.1
46 695 11 22.0
47 766 45 17.8
48 693 34 8.0
49 583 8 98.0
50 966 16 61.9
51 498 1 6.1
52 519 17 93.0
53 692 5 78.8
54 426 55 10.4
55 819 19 59.7
56 508 25 18.8
57 1251 11 90.4
58 1003 17 64.1
59 1011 50 58.8
60 977 20 3.4
61 1000 13 65.4
62 995 55 10.8
63 556 52 32.7
64 813 13 65.0
65 710 11 61.5
66 348 55 35.0
67 1412 6 80.2
68 781 23 18.6
69 1291 44 8.6
70 1411 43 31.5
71 844 3 78.2
72 652 32 94.5
73 1100 55 35.2
74 810 2 40.4
75 574 8 63.8
76 465 20 14.8
77 388 32 33.1
78 1405 14 67.4
79 108 9 30.0
80 156 5 71.3
81 74 56 91.3
82 35 48 38.6
83 1411 3 76.0
84 42 20 28.6
85 1324 51 83.3
86 331 33 78.3
87 951 35 44.0
88 404 7 48.1
89 759 1 53.9
90 789 21 62.3
91 206 55 78.3
92 616 1 9.1
93 72 11 46.8
94 171 24 58.7
95 383 55 47.3
96 305 40 96.6
97 648 21 58.7
98 874 24 54.8
99 1385 48 71.1
100 1408 49 32.7
101 1080 12 79.7
102 1193 59 37.9
103 1159 50 56.3
104 1079 4 54.3
105 1370 16 39.3
106 167 18 53.1
107 752 6 81.3
108 904 41 69.2
109 480 51 22.1
110 731 40 90.1
111 1287 53 69.0
112 761 14 28.8
113 10 36 3.1
114 724 46 14.0
115 256 37 54.5
116 152 57 97.0
117 809 7 40.9
118 981 17 7.0
119 954 23 87.5
120 1041 22 77.3
121 1223 14 91.3
122 1309 47 34.0
123 926 3 48.5
124 925 16 97.8
125 290 48 2.7
126 999 59 2.0
127 1328 6 85.5
128 980 5 29.1
129 357 35 58.3
130 1431 46 77.1
131 1181 42 75.0
132 602 13 89.6
133 1259 14 58.5
134 611 30 91.1
135 1220 26 16.1
136 1061 43 37.7
137 452 57 88.8
138 90 31 14.3
139 1128 10 29.4
140 191 48 28.9
141 1103 25 25.0
142 829 41 65.5
143 1278 25 26.7
144 414 59 38.9
145 30 45 11.7
146 133 24 30.7
147 853 57 92.0
148 597 40 51.6
149 75 18 4.0
150 1380 54 63.1
151 2 52 25.4
152 102 11 81.4
