92
1 782 23 37.4
2 397 2 51.1
3 1250 6 74.7
4 299 18 32.2
5 1106 45 5.9
6 692 6 54.0
7 276 38 98.7
8 889 3 95.0
9 48 12 60.0
10 712 50 8.6
11 1204 9 39.1
12 91 30 18.8
13 60 31 30.1
14 490 5 52.1
15 552 33 39.8
16 884 10 52.2
17 34 48 94.3
18 622 12 98.8
19 1277 36 65.9
20 55 13 44.5
21 523 38 47.2
22 725 23 13.8
23 405 48 72.4
24 324 40 10.5
25 496 21 55.0
26 1162 46 12.7
27 301 35 81.0
28 665 36 1.7
29 614 31 92.4
30 434 15 44.9
31 143 21 69.8
32 487 42 47.5
33 610 26 85.3
34 100 57 71.5
35 246 3 90.5
36 436 49 97.0
37 1202 46 33.6
38 785 37 27.5
39 875 35 4.7
40 1421 44 75.4
41 238 51 77.3
42 325 27 92.6
43 1213 39 49.0
44 726 36 28.9
45 762 42 23.7
46 315 20 36.2
47 573 46 74.4
48 491 45 17.2
49 428 34 76.7
50 731 45 41.1
51 740 2 61.2
52 794 8 34.9
53 1408 15 10.2
54 952 11 1.8
55 304 26 35.8
56 1289 21 53.8
57 425 27 60.2
58 921 2 93.8
59 200 22 11.5
60 1415 18 96.7
61 781 14 55.8
62 251 1 79.9
63 680 58 92.8
64 1056 37 78.1
65 1387 10 31.4
66 475 8 2.5
67 1009 4 9.3
68 243 18 59.4
69 743 43 5.7
70 244 30 42.9
71 1349 25 40.7
72 326 29 78.7
73 788 44 44.0
74 247 41 31.9
75 861 58 7.5
76 846 44 24.2
77 579 52 17.2
78 1376 49 15.4
79 850 20 17.6
80 1312 13 32.1
81 250 7 53.3
82 969 33 81.2
83 456 30 3.2
84 1336 46 22.6
85 1008 27 12.9
86 40 4 33.1
87 328 35 36.3
88 1094 32 80.0
89 1054 35 71.0
90 1275 4 90.0
91 600 2 34.5
92 1266 14 56.1
