95
1 489 33 78.6
2 1091 56 19.9
3 829 46 31.2
4 888 11 68.6
5 874 32 48.9
6 70 40 63.3
7 129 4 47.7
8 6 58 85.1
9 939 44 47.4
10 1379 36 8.3
11 1301 13 28.3
12 1056 28 17.8
13 704 57 83.4
14 392 12 7.8
15 579 49 80.6
16 648 21 89.6
17 1411 5 17.4
18 1320 31 30.9
19 285 23 32.5
20 1074 33 75.4
21 803 52 89.2
22 1353 57 18.1
23 69 59 3.7
24 183 30 48.5
25 897 5 53.3
26 764 28 61.7
27 318 31 50.0
28 1002 45 66.6
29 231 47 5.5
30 541 49 90.9
31 178 50 75.2
32 991 37 93.2
33 857 43 3.6
34 278 28 22.3
35 179 58 23.0
36 1150 20 54.3
37 202 52 32.0
38 1195 20 27.9
39 1002 2 31.3
40 202 21 74.9
41 1023 13 34.3
42 961 9 74.3
43 236 15 73.0
44 509 47 78.6
45 397 30 9.6
46 1207 45 51.8
47 163 45 39.5
48 772 36 74.0
49 1098 36 91.8
50 636 20 8.9
51 766 35 26.4
52 1100 6 78.8
53 1174 14 38.8
54 1101 35 45.6
55 89 55 53.7
56 11 15 15.9
57 488 43 71.5
58 788 41 13.9
59 815 10 55.7
60 228 10 31.3
61 1095 58 73.8
62 688 16 74.3
63 360 25 7.3
64 783 23 23.0
65 657 37 82.6
66 281 46 8.1
67 566 15 96.7
68 730 41 57.6
69 387 52 24.4
70 898 57 83.4
71 1413 3 30.7
72 427 27 34.1
73 1225 29 40.1
74 986 26 62.5
75 979 2 98.6
76 213 47 82.1
77 1132 44 33.9
78 400 28 76.0
79 750 33 18.2
80 201 59 54.9
81 29 39 83.4
82 1325 58 11.7
83 1179 36 54.1
84 853 59 95.1
85 27 37 2.0
86 56 17 65.0
87 1269 20 83.1
88 458 11 38.3
89 884 49 9.1
90 1242 31 51.6
91 145 6 49.3
92 1192 56 44.4
93 653 2 38.2
94 1310 30 60.3
95 322 38 61.5
