83
1 61 14 61.9
2 779 12 24.8
3 722 54 28.3
4 87 14 7.7
5 1222 46 95.4
6 737 14 14.2
7 823 31 80.9
8 288 27 96.2
9 509 30 88.4
10 473 7 47.0
11 414 27 58.3
12 525 16 95.8
13 65 4 28.2
14 952 33 31.5
15 1050 39 88.2
16 632 59 66.6
17 351 40 81.5
18 1179 1 88.2
19 1417 6 6.6
20 681 42 86.5
21 133 11 66.9
22 1334 55 73.6
23 1406 18 8.7
24 640 15 3.7
25 500 45 96.0
26 1238 56 56.8
27 965 58 78.1
28 973 58 18.5
29 1112 58 2.1
30 804 3 49.4
31 298 6 77.3
32 454 2 70.7
33 903 1 49.8
34 15 9 45.7
35 635 2 93.4
36 1395 36 28.1
37 780 25 46.9
38 241 46 83.0
39 1252 13 93.4
40 1225 45 9.0
41 1144 16 17.2
42 1074 53 20.7
43 1135 10 51.8
44 369 5 5.4
45 953 34 90.5
46 862 23 47.4
47 247 50 28.2
48 433 3 32.8
49 7 32 67.7
50 1115 28 67.7
51 1378 45 81.2
52 663 46 84.3
53 316 3 48.3
54 1403 1 13.2
55 1235 48 22.8
56 25 20 91.1
57 251 22 63.8
58 892 10 20.9
59 472 14 6.3
60 1420 4 11.9
61 185 18 18.5
62 985 47 17.1
63 326 11 29.9
64 1256 28 52.2
65 1383 39 40.7
66 1326 22 70.5
67 1412 6 7.6
68 446 57 95.9
69 860 42 18.0
70 947 42 60.7
71 1212 12 51.1
72 265 56 5.8
73 181 16 72.6
74 646 35 23.2
75 494 58 88.4
76 1217 58 86.4
77 1428 58 56.3
78 843 43 42.7
79 1401 24 70.1
80 1260 8 21.6
81 755 56 75.6
82 1341 11 30.8
83 1081 22 37.1
