76
1 1176 36 91.4
2 674 52 75.3
3 392 55 52.0
4 735 5 11.6
5 1186 1 64.4
6 284 53 22.0
7 545 57 58.4
8 1040 20 44.7
9 194 1 69.6
10 1262 19 93.1
11 301 29 28.0
12 1252 2 76.8
13 502 23 14.5
14 1351 52 82.3
15 1113 59 54.7
16 425 42 28.3
17 509 56 10.9
18 421 53 25.0
19 451 41 70.2
20 271 16 7.9
21 1403 8 81.3
22 461 35 29.2
23 347 38 5.1
24 706 40 78.6
25 343 37 57.5
26 912 39 20.0
27 362 33 94.4
28 173 55 30.8
29 1117 5 40.7
30 491 14 93.7
31 764 12 83.2
32 131 10 55.3
33 1265 30 26.4
34 1266 23 44.5
35 448 59 16.7
36 1044 42 24.0
37 322 22 53.4
38 1288 9 91.5
39 1016 3 32.4
40 778 41 50.1
41 204 46 52.4
42 1398 49 60.2
43 41 10 47.4
44 351 45 65.2
45 83 15 5.1
46 562 46 12.9
47 139 20 63.5
48 50 47 65.4
49 1412 18 11.1
50 199 11 98.4
51 670 31 87.5
52 821 10 31.3
53 937 29 9.3
54 565 19 61.5
55 1362 54 29.9
56 393 17 64.6
57 144 51 30.2
58 701 25 94.9
59 655 35 41.4
60 90 33 63.1
61 1414 25 46.9
62 653 47 61.1
63 1021 30 99.1
64 1009 34 46.7
65 208 6 96.6
66 939 22 8.8
67 366 26 87.6
68 575 28 64.2
69 1300 28 3.4
70 1345 26 1.9
71 510 35 23.4
72 790 7 81.7
73 152 52 83.3
74 531 20 67.1
75 1080 17 91.9
76 992 25 59.2
