112
1 1338 24 12.0
2 1043 32 4.6
3 176 35 3.0
4 417 56 74.0
5 676 15 37.7
6 866 34 41.5
7 1384 51 46.3
8 1099 4 95.0
9 249 33 77.5
10 59 31 19.6
11 238 58 9.4
12 150 9 87.7
13 789 31 57.1
14 713 42 94.8
15 997 5 66.7
16 1349 35 48.7
17 865 3 65.9
18 224 36 81.1
19 1364 18 17.9
20 1403 51 13.4
21 287 2 37.2
22 1197 18 31.8
23 1145 50 89.1
24 179 37 64.2
25 3 56 68.2
26 464 29 73.6
27 1284 52 67.0
28 543 58 15.0
29 807 45 61.0
30 46 14 19.8
31 284 20 82.4
32 45 31 40.9
33 1052 15 43.5
34 574 1 90.5
35 198 54 4.1
36 686 26 80.0
37 944 46 82.1
38 1281 13 47.9
39 708 48 1.1
40 268 54 84.6
41 603 4 51.9
42 373 21 61.2
43 1255 39 26.7
44 355 42 19.3
45 1352 43 87.6
46 615 18 93.3
47 964 59 76.9
48 1381 58 52.6
49 149 25 59.1
50 1396 36 15.1
51 95 4 16.1
52 1062 52 83.3
53 70 51 23.2
54 19 57 88.3
55 326 11 53.8
56 1118 54 50.9
57 412 46 2.8
58 307 40 11.3
59 23 33 7.9
60 14 50 49.9
61 719 21 41.8
62 196 28 7.9
63 1130 52 71.6
64 1057 24 45.4
65 272 54 65.4
66 1372 5 33.9
67 144 47 60.7
68 748 7 54.1
69 362 3 11.1
70 421 27 33.2
71 343 52 32.5
72 425 52 94.6
73 425 56 69.1
74 1017 46 65.7
75 123 40 31.5
76 227 31 52.1
77 1021 22 27.9
78 292 30 30.8
79 76 21 46.0
80 963 25 90.4
81 950 29 5.6
82 614 46 17.7
83 1263 47 73.1
84 974 16 23.5
85 791 19 62.9
86 1301 35 81.9
87 1431 12 15.5
88 542 55 98.0
89 1346 38 93.8
90 1 48 35.0
91 573 19 3.1
92 106 37 48.2
93 734 11 26.6
94 201 24 3.6
95 922 17 28.1
96 996 31 78.1
97 906 14 19.8
98 554 50 43.8
99 920 30 49.8
100 1425 12 28.8
101 771 50 0.8
102 85 15 86.0
103 629 37 12.9
104 1374 33 25.1
105 886 13 39.4
106 359 58 6.9
107 783 45 88.5
108 824 40 69.5
109 176 58 60.4
110 463 39 17.5
111 894 5 59.1
112 1404 10 82.5
