107
1 1121 49 6.4
2 1356 34 52.5
3 458 51 73.3
4 898 20 91.8
5 1214 47 10.4
6 1141 12 2.5
7 440 54 30.5
8 324 28 48.2
9 436 56 4.3
10 1287 47 19.8
11 1432 42 2.3
12 696 56 19.3
13 622 3 77.7
14 742 55 44.0
15 700 8 97.7
16 262 7 78.7
17 1180 41 49.6
18 48 49 32.9
19 915 46 65.0
20 331 39 75.3
21 1169 43 76.3
22 1363 4 24.8
23 963 11 27.1
24 571 12 43.0
25 144 54 24.4
26 1223 24 6.5
27 1297 50 89.2
28 1244 5 50.8
29 337 57 84.2
30 689 59 66.2
31 512 21 74.0
32 365 23 44.9
33 211 38 50.2
34 1350 24 23.0
35 530 25 72.4
36 1095 6 88.0
37 1220 59 9.2
38 218 32 35.4
39 177 45 48.3
40 751 51 20.6
41 167 16 32.8
42 614 18 37.5
43 962 19 42.1
44 241 59 46.4
45 384 25 76.9
46 290 55 86.1
47 412 4 11.6
48 599 53 4.0
49 670 31 62.1
50 681 7 28.6
51 852 15 27.4
52 773 52 86.8
53 1385 28 53.0
54 1418 40 53.8
55 1098 27 1.9
56 1102 46 7.1
57 1217 18 52.8
58 887 17 16.4
59 922 11 94.7
60 43 15 30.9
61 1001 12 8.1
62 411 40 33.6
63 1083 7 77.3
64 1305 32 26.0
65 866 54 45.6
66 1180 7 4.5
67 1438 44 84.3
68 70 47 60.7
69 1111 5 39.1
70 1191 33 23.6
71 498 12 20.3
72 75 34 71.5
73 406 10 49.0
74 1114 2 95.0
75 371 39 1.5
76 567 16 91.7
77 1156 35 21.5
78 263 48 46.7
79 923 41 51.4
80 355 34 4.7
81 493 59 37.5
82 468 51 32.0
83 237 23 98.9
84 591 41 51.9
85 31 47 60.7
86 451 14 51.8
87 836 36 3.6
88 232 6 36.8
89 460 41 25.3
90 1381 43 9.2
91 649 39 31.0
92 235 38 87.9
93 626 50 94.6
94 273 37 74.9
95 1175 56 43.0
96 744 29 85.2
97 429 1 44.7
98 15 7 7.7
99 802 33 95.2
100 1372 38 12.5
101 1204 3 31.0
102 1121 6 10.8
103 733 24 1.5
104 1015 48 87.5
105 173 43 53.3
106 1359 26 78.4
107 1131 27 24.8
