144
1 978 7 57.4
2 287 43 92.0
3 1424 40 25.5
4 249 54 32.2
5 1152 36 88.8
6 234 8 73.2
7 1159 1 19.2
8 580 26 89.2
9 674 42 84.9
10 1419 57 10.5
11 838 44 56.1
12 1077 34 55.7
13 42 46 90.7
14 1155 33 57.9
15 1374 53 93.7
16 810 33 86.2
17 968 58 80.8
18 671 3 92.4
19 870 50 98.9
20 465 29 92.6
21 1241 28 14.7
22 445 11 19.2
23 1313 37 21.1
24 150 57 70.7
25 327 14 19.2
26 555 32 22.6
27 1295 53 8.8
28 1100 46 92.9
29 275 11 10.0
30 726 47 43.8
31 665 55 29.9
32 797 1 35.7
33 231 23 73.3
34 648 25 66.5
35 1225 53 13.6
36 1158 55 84.3
37 523 37 26.2
38 1230 37 52.5
39 90 53 62.8
40 1294 23 10.5
41 615 35 3.9
42 733 40 16.4
43 844 27 51.3
44 1404 14 1.9
45 1132 40 73.5
46 80 48 70.0
47 1403 13 64.2
48 883 45 5.5
49 791 32 49.3
50 1314 52 97.5
51 949 52 50.5
52 262 55 25.9
53 326 26 84.7
54 1110 19 50.7
55 1378 16 50.4
56 851 1 89.6
57 18 26 44.8
58 1049 49 76.4
59 355 51 91.2
60 390 11 70.2
61 1377 52 42.2
62 1395 45 12.9
63 1180 3 73.1
64 1209 28 70.2
65 320 10 44.5
66 916 31 1.5
67 372 5 35.1
68 1200 22 48.8
69 812 59 74.1
70 121 45 11.4
71 218 57 39.3
72 810 26 26.7
73 1015 42 97.1
74 1040 53 44.6
75 483 31 43.1
76 956 12 70.0
77 985 47 49.6
78 194 29 48.2
79 266 3 16.9
80 1101 41 1.8
81 848 39 51.7
82 606 32 57.5
83 1347 42 0.9
84 904 2 20.9
85 969 51 78.2
86 402 49 52.7
87 190 51 32.7
88 60 45 20.0
89 1007 45 28.0
90 1341 9 50.4
91 193 21 7.4
92 657 55 25.9
93 186 15 29.9
94 1041 8 62.1
95 144 41 94.6
96 424 5 53.4
97 118 26 48.9
98 37 59 51.1
99 716 26 46.1
100 929 28 4.8
101 753 12 64.9
102 857 33 31.8
103 189 2 90.5
104 883 20 69.9
105 471 49 74.3
106 1136 1 65.4
107 1010 2 67.6
108 879 38 91.6
109 306 4 40.8
110 1181 55 50.0
111 584 23 17.1
112 1436 51 70.9
113 676 28 9.6
114 214 39 80.9
115 472 40 63.8
116 18 39 78.9
117 199 37 31.7
118 89 52 27.0
119 906 57 54.9
120 1113 42 3.3
121 1150 31 82.9
122 662 13 9.2
123 871 2 80.8
124 149 47 84.8
125 759 55 76.3
126 69 31 11.1
127 884 3 33.3
128 274 26 64.7
129 1014 1 13.6
130 149 36 86.3
131 360 37 38.6
132 895 53 91.8
133 1355 3 92.2
134 1257 35 89.5
135 600 7 21.5
136 263 5 23.3
137 1103 13 23.1
138 1306 39 76.0
139 90 15 53.8
140 1070 9 92.8
141 658 39 19.7
142 300 16 95.9
143 522 48 60.9
144 1301 13 66.0
