146
1 928 39 45.9
2 550 19 11.8
3 1400 7 11.5
4 1261 57 39.5
5 883 24 46.8
6 835 31 10.6
7 285 48 38.0
8 1302 5 49.0
9 651 52 28.3
10 584 19 59.2
11 1164 57 79.5
12 1342 3 90.1
13 994 54 27.5
14 540 25 74.5
15 825 3 24.8
16 1174 37 20.7
17 1236 35 65.2
18 421 16 73.7
19 687 27 16.6
20 392 7 49.3
21 1265 54 79.9
22 916 15 5.8
23 114 15 48.9
24 46 12 93.1
25 779 2 40.3
26 269 13 11.0
27 488 43 79.2
28 837 13 55.0
29 136 6 22.8
30 68 46 53.1
31 1005 11 87.3
32 615 3 22.2
33 1081 3 8.8
34 948 50 19.2
35 1083 47 70.7
36 788 54 67.6
37 711 38 84.1
38 417 2 94.5
39 580 35 4.2
40 1358 42 37.2
41 80 44 36.7
42 707 51 72.8
43 142 40 15.5
44 999 18 89.1
45 65 13 9.6
46 986 39 92.9
47 1140 39 42.5
48 1341 52 81.4
49 468 10 17.9
50 976 57 47.9
51 765 33 9.8
52 1262 35 49.9
53 1314 32 64.1
54 588 45 24.9
55 618 35 15.2
56 215 22 10.5
57 743 12 18.3
58 802 20 76.7
59 1405 34 48.5
60 1115 52 16.1
61 320 16 73.3
62 1217 9 30.2
63 618 8 19.7
64 1096 40 32.1
65 1259 39 42.9
66 52 53 37.6
67 943 38 76.8
68 329 12 87.1
69 1382 56 69.1
70 446 52 23.2
71 646 29 18.7
72 1138 21 2.9
73 1252 32 25.5
74 214 9 17.7
75 1241 37 1.9
76 672 46 5.1
77 290 38 44.3
78 1271 21 75.6
79 1159 26 69.6
80 781 57 56.8
81 1220 16 65.8
82 994 2 79.7
83 52 38 55.3
84 248 53 52.8
85 465 52 45.9
86 23 27 31.1
87 1242 57 8.7
88 473 19 2.7
89 916 42 94.3
90 93 9 90.2
91 363 14 29.4
92 987 12 99.1
93 1436 37 12.9
94 7 53 92.4
95 331 59 62.7
96 325 19 93.5
97 468 24 19.7
98 878 35 66.7
99 381 33 60.7
100 130 50 8.1
101 238 11 10.4
102 911 37 10.3
103 1035 36 33.3
104 739 25 82.2
105 434 27 16.2
106 550 53 90.7
107 536 23 74.3
108 898 8 83.9
109 740 42 47.6
110 1387 43 86.3
111 1311 8 3.9
112 1070 25 84.5
113 698 5 9.7
114 1096 16 30.0
115 621 42 79.2
116 300 16 22.6
117 234 12 38.6
118 863 6 15.4
119 127 36 93.2
120 473 10 40.0
121 370 31 41.1
122 57 24 66.3
123 748 28 20.0
124 1180 58 32.8
125 327 49 95.7
126 773 54 36.3
127 285 41 56.7
128 956 47 40.5
129 1089 22 77.9
130 491 9 90.9
131 629 16 84.3
132 1432 1 91.1
133 1266 16 45.5
134 666 13 88.1
135 675 23 74.1
136 163 46 52.9
137 108 36 43.4
138 1059 39 80.2
139 351 3 15.1
140 1102 56 92.9
141 209 8 73.8
142 1367 52 15.4
143 959 46 52.1
144 857 42 19.3
145 48 59 86.8
146 89 40 62.7
