107
1 293 23 20.5
2 863 32 72.3
3 344 55 31.8
4 923 41 25.3
5 491 15 32.2
6 953 22 3.8
7 490 59 82.1
8 491 31 69.9
9 652 40 61.3
10 571 3 21.6
11 450 37 58.4
12 1396 35 58.6
13 910 13 31.4
14 70 33 45.5
15 534 22 71.2
16 294 24 1.9
17 46 19 75.9
18 393 54 92.1
19 1393 44 28.5
20 1006 30 61.2
21 1343 4 45.3
22 553 44 96.1
23 1033 18 9.7
24 165 14 92.9
25 616 47 16.4
26 202 50 94.1
27 750 8 22.7
28 1265 22 13.6
29 889 41 77.5
30 982 9 7.7
31 428 20 56.1
32 245 45 14.9
33 584 24 21.2
34 142 31 72.6
35 684 45 86.9
36 339 43 41.8
37 180 58 45.0
38 569 4 98.4
39 259 52 43.3
40 727 59 57.6
41 298 24 85.3
42 372 50 81.0
43 983 39 88.0
44 91 25 63.6
45 41 32 16.0
46 79 32 24.7
47 114 20 60.0
48 334 2 80.4
49 1351 33 71.0
50 595 50 85.2
51 1219 10 91.6
52 986 30 28.8
53 157 41 94.3
54 325 38 38.6
55 596 41 38.1
56 795 28 38.3
57 564 10 76.4
58 1327 11 94.8
59 1026 31 40.4
60 1183 11 39.2
61 936 35 37.1
62 770 59 5.8
63 943 3 20.0
64 300 41 71.1
65 1230 33 38.5
66 680 10 82.5
67 930 10 63.1
68 254 9 23.6
69 3 23 33.1
70 503 30 47.5
71 685 31 92.5
72 1038 23 78.1
73 1261 35 23.1
74 599 55 94.2
75 1273 34 18.7
76 1397 42 68.1
77 1235 6 93.8
78 1386 4 31.6
79 671 20 56.8
80 1212 2 68.2
81 596 26 54.7
82 1377 39 68.8
83 1030 33 52.1
84 234 14 60.5
85 650 53 44.3
86 621 4 1.3
87 1171 33 72.1
88 973 29 61.6
89 153 14 28.4
90 1322 5 16.6
91 143 51 32.1
92 94 40 29.9
93 375 55 70.9
94 539 26 36.3
95 679 9 61.1
96 1207 9 51.9
97 1408 16 48.4
98 723 22 4.3
99 607 21 25.1
100 19 18 65.6
101 971 57 38.9
102 963 30 62.9
103 1082 14 55.5
104 1064 37 48.4
105 657 31 7.8
106 99 52 70.4
107 465 37 9.5
