129
1 1113 34 38.8
2 1290 3 15.6
3 934 2 14.9
4 579 10 6.9
5 145 42 19.5
6 881 41 70.0
7 835 8 4.5
8 770 54 58.1
9 1355 10 70.5
10 660 12 26.2
11 1001 52 20.1
12 589 55 36.2
13 373 54 97.8
14 296 20 70.6
15 319 28 24.7
16 1108 10 47.0
17 830 4 19.5
18 328 30 95.0
19 159 7 70.6
20 985 8 93.7
21 987 32 96.0
22 1392 54 71.2
23 12 39 65.2
24 1236 27 23.4
25 866 3 13.6
26 433 34 8.3
27 842 38 65.4
28 305 31 21.2
29 163 22 91.5
30 676 56 99.1
31 807 3 17.6
32 626 3 21.6
33 646 12 12.2
34 732 47 20.0
35 1201 33 71.9
36 747 40 13.4
37 154 4 82.8
38 915 3 34.9
39 694 18 84.1
40 994 9 85.1
41 1105 35 22.4
42 1423 32 84.3
43 1136 4 5.9
44 898 58 99.5
45 824 54 71.8
46 1272 49 43.1
47 258 58 84.3
48 793 7 92.5
49 78 50 95.0
50 774 19 64.7
51 495 56 42.3
52 907 37 9.4
53 355 56 55.4
54 1079 36 11.5
55 973 17 37.0
56 389 12 18.5
57 765 12 97.9
58 1409 22 6.0
59 1163 22 91.8
60 750 40 70.3
61 1386 57 71.6
62 449 59 74.9
63 416 39 57.5
64 275 56 50.5
65 894 29 94.0
66 1182 52 76.8
67 1320 49 83.9
68 1089 16 5.8
69 780 12 49.3
70 1075 20 77.0
71 353 2 36.4
72 923 48 29.7
73 491 16 70.5
74 746 52 19.0
75 212 26 40.7
76 439 35 66.3
77 695 3 63.5
78 780 54 11.7
79 958 47 14.0
80 1177 40 56.0
81 773 49 10.7
82 1325 54 29.8
83 664 47 94.9
84 1041 27 19.6
85 1304 16 93.1
86 1029 24 4.7
87 1344 53 94.3
88 117 21 56.0
89 800 6 67.7
90 952 8 34.5
91 1419 58 42.5
92 458 23 57.9
93 79 55 39.3
94 1164 22 69.8
95 1389 26 18.3
96 467 47 98.8
97 96 3 5.0
98 1425 45 23.4
99 1066 57 78.6
100 476 55 6.9
101 1400 12 46.7
102 925 43 4.7
103 1232 24 57.2
104 1433 33 50.2
105 1329 42 68.2
106 1279 22 79.6
107 174 8 28.8
108 1187 49 52.1
109 529 38 39.2
110 34 7 86.1
111 661 1 64.7
112 695 58 18.8
113 271 16 94.7
114 195 19 62.5
115 1155 58 28.1
116 940 37 33.7
117 17 29 9.1
118 358 39 90.5
119 527 20 61.2
120 26 18 56.2
121 466 33 16.9
122 50 52 77.0
123 576 15 69.9
124 1390 20 31.8
125 1376 3 16.1
126 1439 1 39.2
127 425 22 34.7
128 627 43 38.1
129 525 52 8.6
