135
1 1184 26 57.5
2 637 37 79.2
3 1107 38 76.9
4 112 52 76.0
5 556 56 97.7
6 664 53 38.5
7 474 35 71.3
8 1337 37 42.3
9 1027 47 7.0
10 1127 5 88.0
11 894 29 97.1
12 716 28 60.7
13 1216 31 80.9
14 810 18 13.8
15 1 24 62.6
16 1117 31 69.0
17 300 30 44.5
18 520 20 81.3
19 290 48 23.3
20 238 17 56.4
21 1323 3 69.4
22 98 19 75.8
23 497 33 24.2
24 245 24 17.2
25 1339 17 47.4
26 632 51 17.6
27 785 51 2.4
28 1337 38 57.4
29 1325 24 67.4
30 1074 50 15.4
31 1244 42 84.0
32 186 3 96.8
33 1060 25 19.5
34 993 44 91.5
35 991 28 38.5
36 235 58 42.3
37 1002 48 81.2
38 209 8 93.0
39 129 5 96.8
40 141 34 50.8
41 852 56 86.1
42 798 10 62.9
43 220 5 71.1
44 1188 42 22.0
45 250 50 43.7
46 1320 1 55.4
47 328 15 8.3
48 908 48 35.9
49 1201 26 63.9
50 294 54 36.4
51 347 38 34.7
52 1060 9 96.4
53 653 4 45.1
54 460 40 91.6
55 783 43 81.5
56 973 6 91.8
57 221 1 62.0
58 817 35 36.8
59 892 9 12.4
60 593 29 33.7
61 1214 56 16.4
62 1312 20 6.5
63 1246 9 42.1
64 339 32 36.1
65 754 50 51.8
66 19 1 67.1
67 138 34 19.1
68 231 17 26.0
69 364 7 92.3
70 369 29 12.8
71 98 23 82.4
72 383 50 85.8
73 1427 58 77.0
74 518 19 82.1
75 1394 23 98.4
76 710 24 25.6
77 1427 14 24.8
78 981 42 14.3
79 1319 23 55.7
80 1087 30 51.7
81 967 50 38.7
82 871 42 85.9
83 577 22 64.0
84 281 28 12.2
85 227 47 55.3
86 354 20 42.2
87 886 18 75.7
88 497 42 78.3
89 612 43 60.2
90 675 55 28.7
91 1330 14 86.7
92 1014 27 37.7
93 250 8 87.3
94 307 57 48.6
95 655 39 95.5
96 1292 39 28.5
97 1293 43 59.4
98 1287 28 27.1
99 992 29 96.1
100 97 57 54.4
101 201 55 11.3
102 412 18 23.3
103 1084 50 24.7
104 1025 10 26.2
105 1390 51 65.5
106 495 11 9.1
107 152 57 1.2
108 1142 16 7.2
109 518 9 39.6
110 546 52 47.7
111 1412 48 53.4
112 1016 16 68.9
113 1042 14 46.7
114 286 48 55.3
115 609 32 75.0
116 846 8 68.2
117 1129 12 99.3
118 1243 32 59.7
119 747 3 46.2
120 1223 30 87.5
121 534 29 96.4
122 760 20 86.8
123 484 14 70.6
124 604 19 1.0
125 1190 23 73.4
126 1250 55 72.0
127 595 56 59.2
128 212 21 57.9
129 1184 54 20.3
130 508 7 34.1
131 1048 47 65.8
132 28 13 1.8
133 505 11 0.7
134 1139 53 36.3
135 1276 25 90.7
