130
1 677 2 40.5
2 1333 43 6.9
3 1077 40 45.5
4 1238 58 69.8
5 815 52 33.5
6 27 34 66.1
7 141 57 68.7
8 529 8 9.6
9 922 33 8.4
10 401 6 69.2
11 596 41 12.2
12 938 13 14.1
13 1066 8 97.8
14 134 44 7.6
15 1328 53 62.3
16 649 36 43.0
17 71 5 24.0
18 742 55 70.3
19 130 30 74.9
20 767 19 37.3
21 1426 32 31.7
22 397 46 86.4
23 264 13 96.4
24 648 16 66.7
25 1378 42 82.1
26 1313 34 37.5
27 629 46 51.4
28 677 28 91.5
29 1329 28 27.1
30 257 14 3.0
31 1060 39 75.6
32 341 25 2.5
33 215 55 92.7
34 366 58 35.9
35 160 24 39.0
36 984 36 60.3
37 403 41 35.4
38 487 52 78.3
39 112 58 91.3
40 997 3 96.2
41 987 37 72.8
42 1364 10 79.2
43 7 17 54.4
44 550 21 30.0
45 77 49 63.2
46 485 38 23.1
47 1410 45 92.1
48 158 30 59.0
49 1008 12 94.0
50 1016 25 52.9
51 742 10 18.8
52 454 5 44.7
53 1173 15 7.8
54 1404 33 59.1
55 1204 2 81.8
56 442 44 1.2
57 1211 56 82.7
58 546 4 73.6
59 863 47 97.3
60 1386 56 34.7
61 310 34 13.9
62 897 40 71.0
63 801 17 55.9
64 1363 51 5.9
65 324 51 19.9
66 737 10 32.4
67 96 44 25.5
68 1351 39 80.7
69 968 6 95.0
70 991 17 94.8
71 876 26 97.0
72 864 44 7.1
73 439 21 74.6
74 735 2 54.2
75 1175 16 8.4
76 1029 48 54.3
77 457 36 73.9
78 288 26 41.8
79 857 25 86.8
80 1305 45 21.9
81 72 23 49.3
82 666 51 92.4
83 517 5 19.2
84 119 32 58.6
85 1290 2 95.0
86 83 1 89.0
87 973 19 37.5
88 1103 18 56.9
89 820 11 74.0
90 1024 36 38.9
91 1 26 7.6
92 296 51 22.4
93 1038 48 62.3
94 1186 58 48.8
95 145 54 46.5
96 832 7 16.2
97 297 18 62.8
98 885 51 38.7
99 181 34 43.4
100 608 7 76.2
101 790 54 30.3
102 975 38 74.5
103 1017 48 49.9
104 477 14 93.0
105 166 39 65.8
106 1090 19 75.7
107 456 41 38.6
108 427 48 88.1
109 736 26 11.4
110 635 44 50.9
111 1139 54 28.0
112 445 34 29.1
113 1037 26 1.0
114 1083 32 98.5
115 1305 18 55.3
116 1227 26 19.3
117 1400 26 42.2
118 350 5 43.0
119 1013 37 8.4
120 363 22 78.5
121 528 35 70.2
122 127 56 15.3
123 1070 6 74.3
124 1002 12 21.7
125 1417 30 35.3
126 1015 21 27.6
127 1374 13 67.7
128 422 55 62.6
129 541 29 28.9
130 727 8 47.1
