135
1 338 13 31.6
2 1330 17 90.4
3 589 29 79.5
4 536 48 62.5
5 1392 4 60.0
6 683 54 23.4
7 783 43 15.9
8 1092 53 26.1
9 1142 50 69.4
10 436 45 5.6
11 575 1 19.5
12 725 39 33.3
13 1315 58 17.7
14 414 23 13.3
15 323 33 77.7
16 886 58 34.8
17 630 16 67.8
18 357 6 31.2
19 970 46 50.6
20 1186 20 2.3
21 1194 16 73.9
22 1114 38 68.4
23 87 26 71.6
24 882 46 45.1
25 281 38 40.2
26 280 55 71.2
27 1392 33 5.4
28 1144 9 28.5
29 1006 51 74.1
30 476 52 16.5
31 1131 20 74.7
32 185 44 82.2
33 5 42 64.9
34 1133 29 17.2
35 1168 40 91.4
36 428 59 87.7
37 1419 2 18.2
38 427 22 4.2
39 895 44 61.6
40 171 50 66.9
41 531 25 23.5
42 873 34 29.0
43 575 18 34.8
44 687 41 19.9
45 398 16 59.1
46 434 11 32.9
47 970 51 70.9
48 178 5 49.3
49 115 39 69.6
50 429 24 40.2
51 956 34 68.7
52 453 50 55.5
53 548 8 49.4
54 1206 22 76.6
55 1368 8 71.0
56 1345 1 98.9
57 788 23 12.3
58 419 50 16.7
59 262 19 78.7
60 1354 24 24.8
61 1422 34 26.3
62 1437 16 52.4
63 417 39 47.4
64 646 33 19.4
65 729 50 23.2
66 658 13 33.4
67 1193 26 76.0
68 409 48 83.6
69 96 42 27.8
70 942 41 86.8
71 1210 40 22.2
72 145 39 68.0
73 220 8 75.2
74 1197 13 96.1
75 1083 43 8.2
76 235 9 6.8
77 1298 34 69.1
78 630 11 57.3
79 1217 4 92.5
80 1352 32 19.1
81 1014 14 58.0
82 537 18 13.9
83 540 47 61.8
84 1143 16 58.7
85 675 20 83.2
86 1436 35 89.1
87 1100 35 42.0
88 1146 48 39.9
89 267 11 64.9
90 205 39 35.1
91 107 41 39.6
92 874 52 7.3
93 1187 56 48.2
94 1351 48 35.3
95 1129 41 72.0
96 348 39 55.4
97 1265 43 7.8
98 158 30 64.7
99 496 40 52.3
100 1407 5 58.8
101 646 40 77.9
102 739 11 68.3
103 445 32 59.0
104 751 35 38.8
105 1417 5 41.1
106 1009 26 31.2
107 53 4 7.4
108 399 55 90.2
109 468 56 72.2
110 965 56 32.8
111 657 57 85.8
112 1294 4 93.8
113 1374 16 94.8
114 1430 39 7.4
115 1201 46 52.6
116 1028 52 96.0
117 900 42 39.9
118 246 50 42.9
119 901 9 61.5
120 810 32 83.8
121 1304 30 96.1
122 1263 28 40.7
123 70 43 64.1
124 799 36 45.7
125 439 26 50.4
126 206 50 43.7
127 168 47 37.4
128 439 38 34.5
129 819 48 78.8
130 1361 41 47.5
131 812 48 88.7
132 1250 18 61.3
133 630 41 25.9
134 172 23 56.2
135 808 26 17.6
