105
1 882 21 66.6
2 322 44 69.5
3 1224 11 53.8
4 1157 39 79.9
5 477 57 46.9
6 727 11 72.1
7 981 18 72.1
8 930 55 57.4
9 1362 46 56.8
10 645 43 85.1
11 451 27 20.9
12 462 57 49.8
13 620 59 92.4
14 1356 25 51.5
15 1328 33 43.1
16 389 27 42.8
17 1171 40 96.7
18 908 30 72.1
19 12 53 84.8
20 592 30 24.6
21 1083 2 53.7
22 567 2 20.7
23 564 22 74.1
24 16 28 26.0
25 598 46 81.9
26 166 35 90.6
27 972 41 9.2
28 1123 13 68.4
29 1211 7 42.0
30 1201 24 98.1
31 122 9 32.8
32 918 15 40.3
33 1279 14 1.5
34 11 26 6.9
35 234 42 67.4
36 1361 45 3.9
37 250 50 78.6
38 205 48 5.7
39 1267 39 17.4
40 592 50 55.6
41 55 23 40.0
42 1403 33 7.4
43 254 30 96.0
44 1046 7 13.9
45 440 17 70.2
46 1198 48 82.8
47 294 56 25.3
48 1302 55 98.0
49 504 49 55.2
50 114 43 2.2
51 82 37 8.2
52 1217 16 47.7
53 1305 4 50.3
54 1311 22 60.7
55 152 35 9.0
56 310 11 85.3
57 184 56 94.6
58 256 7 16.2
59 334 21 7.5
60 1112 17 23.1
61 611 44 14.7
62 216 59 88.3
63 1237 55 28.4
64 1115 55 81.0
65 303 54 86.9
66 1436 12 36.8
67 1426 58 74.6
68 534 9 58.6
69 1035 11 92.8
70 606 3 5.0
71 1407 4 39.7
72 901 18 25.8
73 1121 38 98.5
74 614 43 50.2
75 831 35 35.9
76 773 3 49.6
77 42 31 7.1
78 104 42 60.0
79 158 12 98.5
80 771 58 97.6
81 387 21 87.9
82 98 51 75.8
83 1047 14 79.6
84 1238 58 4.2
85 574 34 45.0
86 879 13 33.8
87 917 6 29.0
88 591 1 2.6
89 1061 20 86.0
90 45 12 76.8
91 500 3 54.5
92 254 47 44.6
93 637 38 60.1
94 1332 40 83.6
95 180 13 77.3
96 1407 57 32.8
97 612 9 45.0
98 536 46 94.2
99 550 24 32.5
100 2 41 75.0
101 1426 2 70.9
102 1230 9 25.6
103 602 22 86.4
104 1217 3 85.2
105 729 5 34.2
