110
1 610 42 15.9
2 75 10 50.7
3 14 54 54.2
4 1428 17 12.7
5 300 48 70.3
6 432 39 5.9
7 1005 34 39.7
8 553 42 93.6
9 1370 22 94.2
10 1121 36 93.6
11 362 17 62.8
12 928 4 70.2
13 1434 13 85.9
14 788 24 25.1
15 1376 21 96.4
16 638 9 44.3
17 555 28 94.4
18 36 38 96.7
19 914 8 15.1
20 764 3 75.0
21 450 20 74.3
22 242 20 16.8
23 422 39 90.6
24 1146 1 48.1
25 125 54 93.1
26 1178 55 91.7
27 790 35 27.5
28 403 46 33.8
29 641 56 97.9
30 902 37 69.6
31 779 37 50.3
32 907 24 9.7
33 111 57 15.4
34 505 49 71.6
35 970 11 30.7
36 403 23 56.1
37 685 20 6.7
38 1190 23 25.0
39 243 16 63.3
40 1329 35 36.9
41 1001 53 67.7
42 506 30 23.0
43 505 32 15.1
44 326 44 60.1
45 1344 8 88.4
46 765 35 55.6
47 714 43 77.0
48 638 36 28.3
49 908 50 90.9
50 195 35 95.9
51 215 42 72.6
52 1035 34 5.7
53 1141 37 78.0
54 18 26 27.5
55 676 5 63.6
56 65 25 80.1
57 963 43 74.0
58 937 46 26.1
59 935 41 4.5
60 96 49 40.4
61 1152 18 73.7
62 780 48 68.4
63 807 43 10.1
64 1264 44 19.7
65 1131 5 88.0
66 276 10 79.6
67 825 48 98.2
68 1013 11 52.1
69 1164 19 79.0
70 209 4 52.3
71 833 54 67.9
72 107 14 32.7
73 912 10 1.4
74 1083 1 75.8
75 1376 19 10.1
76 776 18 5.0
77 614 55 19.6
78 164 58 25.2
79 1399 35 3.0
80 1186 42 94.9
81 180 40 84.6
82 526 59 15.4
83 1031 39 46.0
84 412 59 7.0
85 629 59 13.2
86 841 14 8.2
87 783 53 16.0
88 145 57 26.3
89 740 41 53.8
90 97 1 37.8
91 683 55 75.1
92 1153 26 76.8
93 115 12 22.7
94 4 9 54.4
95 552 35 58.2
96 634 26 50.7
97 1109 24 51.2
98 1032 2 18.1
99 334 21 30.8
100 122 34 98.9
101 1370 52 40.3
102 610 23 1.9
103 477 10 69.6
104 5 28 17.2
105 573 33 37.0
106 488 34 18.5
107 919 5 96.1
108 784 23 31.7
109 1010 48 84.2
110 539 25 39.3
