132
1 1080 18 41.1
2 356 57 42.4
3 1240 33 68.0
4 344 48 79.8
5 968 14 52.2
6 464 40 39.0
7 980 42 60.8
8 1389 32 3.4
9 62 29 78.8
10 1307 35 95.7
11 10 28 1.2
12 318 42 98.3
13 275 5 98.2
14 781 9 32.8
15 318 4 29.2
16 1409 33 32.1
17 664 19 43.1
18 1336 14 47.2
19 369 9 83.3
20 1036 45 50.2
21 1336 7 3.2
22 1184 47 29.6
23 1106 9 72.4
24 1396 39 24.1
25 51 25 15.6
26 500 17 95.5
27 508 24 77.6
28 1254 24 34.2
29 365 47 78.4
30 1053 38 76.2
31 1052 8 81.1
32 283 17 62.1
33 594 44 94.7
34 823 51 22.4
35 254 44 87.8
36 296 55 3.9
37 1421 14 4.7
38 76 57 64.9
39 395 1 34.5
40 960 40 96.3
41 978 57 93.1
42 1130 45 94.7
43 242 42 56.1
44 574 45 35.8
45 357 8 39.6
46 683 33 2.7
47 897 10 60.9
48 1414 24 18.1
49 772 40 24.7
50 198 30 40.3
51 517 26 64.5
52 607 19 59.6
53 1016 52 66.8
54 644 53 52.1
55 6 16 63.8
56 574 15 83.0
57 1375 33 22.5
58 584 59 34.8
59 1192 27 37.1
60 335 49 36.7
61 1179 56 90.6
62 96 9 95.7
63 687 24 91.9
64 1239 12 57.3
65 627 24 51.2
66 94 52 92.4
67 274 42 31.1
68 163 42 13.3
69 500 48 9.3
70 658 12 86.4
71 156 30 18.3
72 1015 37 87.9
73 949 5 11.4
74 634 58 68.4
75 362 12 30.9
76 1396 36 21.0
77 1029 29 29.0
78 409 32 26.8
79 143 3 80.3
80 783 17 55.6
81 683 22 55.5
82 353 34 35.5
83 1274 46 54.3
84 1285 22 32.2
85 1372 16 26.8
86 1103 56 43.0
87 1359 36 55.7
88 759 55 92.0
89 1427 4 66.1
90 472 47 90.4
91 531 18 44.5
92 1401 23 90.1
93 154 36 57.1
94 1320 46 21.5
95 905 10 80.5
96 31 3 97.9
97 624 5 12.6
98 929 9 89.1
99 1199 55 30.4
100 1226 9 11.3
101 1207 15 76.3
102 109 9 13.3
103 496 27 41.7
104 293 44 10.4
105 406 37 9.5
106 470 47 74.3
107 117 43 74.3
108 428 49 77.8
109 892 15 50.3
110 1279 7 84.2
111 455 17 67.7
112 756 32 14.7
113 807 16 3.6
114 651 29 24.0
115 594 23 74.9
116 342 25 83.4
117 476 48 4.1
118 78 4 22.4
119 135 47 23.4
120 526 30 71.8
121 38 10 65.0
122 567 38 4.4
123 1420 33 80.3
124 1035 37 77.1
125 916 2 65.8
126 502 46 96.3
127 209 56 84.7
128 797 32 62.5
129 1312 18 25.7
130 784 13 78.2
131 573 53 19.1
132 330 59 39.7
