139
1 84 47 5.0
2 873 26 26.2
3 1260 32 28.6
4 285 28 4.1
5 1327 13 21.0
6 1214 2 19.9
7 959 54 44.8
8 1329 57 61.0
9 214 58 60.0
10 1051 57 61.0
11 205 29 42.7
12 1258 33 46.3
13 379 32 65.1
14 1368 20 24.6
15 997 44 35.4
16 566 16 2.1
17 189 17 15.5
18 246 10 2.5
19 1357 41 86.5
20 41 57 26.0
21 1095 38 24.8
22 362 33 70.1
23 1133 3 81.7
24 1193 29 38.5
25 859 58 34.2
26 9 13 43.2
27 1123 29 55.4
28 1208 18 48.8
29 74 45 74.7
30 992 6 3.8
31 460 27 62.1
32 1049 21 49.5
33 765 54 34.5
34 291 10 47.2
35 79 8 62.3
36 1429 9 99.5
37 1203 37 70.7
38 1273 58 81.2
39 235 23 27.0
40 741 21 3.9
41 990 41 90.6
42 1408 30 32.3
43 198 3 17.5
44 139 16 17.4
45 1183 58 17.5
46 797 52 62.5
47 691 52 8.8
48 884 3 48.1
49 742 26 79.9
50 1328 1 63.0
51 1085 52 4.5
52 298 45 95.9
53 278 28 74.0
54 872 4 66.7
55 133 4 16.0
56 194 15 30.3
57 499 58 83.2
58 1175 41 54.6
59 430 32 14.9
60 367 15 88.6
61 1149 42 92.8
62 218 45 22.3
63 302 10 23.2
64 1205 5 74.8
65 606 2 84.7
66 1354 59 90.5
67 676 9 13.8
68 771 16 98.2
69 665 29 4.9
70 325 50 57.5
71 980 42 71.6
72 903 54 92.0
73 427 50 22.6
74 542 36 20.5
75 196 35 35.9
76 1018 9 20.5
77 325 7 96.7
78 358 21 13.3
79 538 48 17.6
80 73 17 28.9
81 781 6 93.7
82 158 10 1.8
83 90 54 16.0
84 849 31 64.8
85 1116 14 25.0
86 1361 3 63.3
87 1242 21 22.9
88 1358 49 91.9
89 711 38 21.1
90 276 20 63.1
91 1204 30 84.5
92 773 52 22.1
93 241 56 2.6
94 963 32 6.2
95 982 37 62.6
96 1431 4 26.8
97 704 13 13.9
98 958 8 88.8
99 1188 26 84.8
100 1221 42 52.6
101 712 40 13.9
102 1385 40 35.9
103 880 25 25.4
104 924 49 66.0
105 635 4 4.9
106 880 59 9.5
107 692 59 91.4
108 1274 25 96.8
109 1431 5 15.3
110 981 27 35.9
111 412 19 49.3
112 347 2 74.6
113 339 18 3.5
114 1169 12 46.5
115 1098 40 7.8
116 413 1 20.8
117 978 29 49.4
118 590 50 27.3
119 1296 12 40.2
120 1299 52 29.8
121 406 6 83.9
122 819 29 34.4
123 394 9 37.7
124 1358 42 53.4
125 288 32 86.6
126 530 54 90.7
127 1121 3 17.0
128 442 40 36.6
129 236 15 93.4
130 425 33 37.2
131 1418 23 68.5
132 326 54 42.7
133 13 26 99.4
134 1004 27 93.2
135 860 23 26.8
136 832 28 66.6
137 1013 14 34.5
138 327 26 94.4
139 1398 50 53.9
