108
1 1077 16 14.1
2 1094 42 23.4
3 202 2 67.4
4 1176 57 56.8
5 1205 5 97.9
6 73 42 89.7
7 606 42 28.4
8 253 58 91.9
9 1347 11 18.6
10 1122 10 4.4
11 1291 29 46.5
12 1170 31 82.4
13 490 28 67.0
14 806 27 90.2
15 621 48 54.1
16 315 13 25.3
17 307 55 62.1
18 216 9 67.3
19 1432 55 32.1
20 722 8 17.0
21 12 23 54.6
22 1290 25 43.4
23 255 20 2.5
24 610 53 93.8
25 328 50 54.2
26 406 17 49.3
27 1202 59 78.5
28 1272 34 91.0
29 1012 24 94.6
30 530 47 30.0
31 157 12 14.6
32 619 8 30.7
33 419 5 65.7
34 1059 47 16.1
35 1198 45 33.6
36 398 18 57.3
37 1311 25 79.6
38 310 16 52.4
39 550 59 47.1
40 1033 23 76.3
41 1243 35 88.5
42 1425 20 57.8
43 1103 39 41.3
44 179 58 35.6
45 1211 19 97.2
46 1356 29 69.8
47 1054 20 9.1
48 374 7 75.6
49 167 18 46.6
50 1208 23 81.6
51 95 39 57.7
52 202 28 3.3
53 761 46 55.9
54 649 33 60.0
55 1118 8 7.0
56 292 17 90.0
57 809 50 67.3
58 42 38 16.5
59 898 24 64.8
60 939 32 27.2
61 783 27 49.4
62 1001 54 21.6
63 275 39 94.4
64 662 6 51.7
65 989 54 9.6
66 786 31 25.6
67 1302 28 47.6
68 110 17 50.8
69 1382 25 27.9
70 631 22 93.1
71 657 28 47.4
72 1410 27 10.1
73 566 8 58.4
74 53 1 57.0
75 1408 32 13.4
76 1136 58 55.5
77 286 19 80.8
78 772 25 31.8
79 25 33 39.9
80 114 54 90.3
81 375 22 42.8
82 1395 33 93.5
83 384 44 63.8
84 938 6 64.0
85 1427 26 68.3
86 993 37 41.4
87 189 2 50.9
88 104 56 69.4
89 847 26 13.0
90 1306 31 46.6
91 942 4 88.9
92 1070 30 19.0
93 683 14 22.3
94 748 8 85.3
95 219 26 33.9
96 679 42 13.2
97 313 56 34.6
98 916 20 94.6
99 821 54 69.3
100 1142 17 20.1
101 130 8 88.6
102 845 32 21.4
103 294 46 35.5
104 1362 37 28.3
105 557 17 63.6
106 1226 45 2.2
107 540 34 85.3
108 1246 28 71.6
