141
1 716 6 38.3
2 141 19 90.0
3 1073 45 87.8
4 283 48 33.3
5 1416 47 29.3
6 1078 38 69.9
7 1260 4 77.3
8 818 14 47.1
9 833 51 93.7
10 916 57 68.9
11 1358 14 83.6
12 1351 26 93.3
13 513 27 96.3
14 1296 14 87.3
15 443 12 20.7
16 97 19 40.2
17 876 44 58.3
18 1088 6 30.2
19 850 17 55.5
20 723 42 46.8
21 333 45 47.1
22 1020 3 22.1
23 1124 40 87.0
24 827 19 23.6
25 126 39 83.8
26 232 38 62.5
27 751 47 49.3
28 983 32 9.1
29 1108 6 54.3
30 1058 39 3.2
31 539 11 70.5
32 914 31 37.7
33 947 36 79.5
34 1085 54 39.2
35 750 12 6.3
36 944 55 97.6
37 438 43 52.2
38 1318 9 86.2
39 813 56 9.8
40 451 43 23.6
41 912 18 52.2
42 72 8 40.5
43 9 1 25.5
44 374 46 11.7
45 1354 12 78.8
46 716 47 68.9
47 685 24 37.6
48 1305 13 4.3
49 885 39 20.9
50 1386 49 52.6
51 481 41 6.0
52 1187 8 32.9
53 96 28 59.9
54 204 29 69.9
55 923 35 97.2
56 1183 22 2.2
57 203 28 93.6
58 241 55 75.5
59 52 1 89.6
60 684 17 94.4
61 1007 3 26.2
62 687 53 4.2
63 333 31 45.6
64 1218 9 45.5
65 803 16 15.9
66 992 56 80.9
67 657 46 84.0
68 1372 35 59.8
69 650 53 77.0
70 242 58 88.9
71 500 46 30.0
72 443 23 33.8
73 1007 26 64.8
74 75 28 32.8
75 635 6 23.6
76 1293 28 75.4
77 1098 37 22.6
78 1171 26 11.5
79 838 31 42.0
80 1077 53 53.2
81 2 37 10.5
82 1095 48 55.9
83 653 55 9.0
84 748 48 88.0
85 1167 20 41.2
86 658 25 4.5
87 1431 14 2.6
88 1146 14 23.3
89 392 19 53.2
90 1224 29 58.2
91 320 14 2.9
92 1381 6 45.7
93 414 48 70.1
94 1339 50 63.8
95 436 59 20.9
96 31 39 82.1
97 1334 19 53.1
98 52 30 25.6
99 584 41 89.4
100 266 30 14.4
101 844 10 64.7
102 1045 59 95.7
103 650 14 43.7
104 1011 57 86.0
105 422 4 63.4
106 819 36 59.7
107 313 57 81.1
108 361 19 91.7
109 1090 48 77.2
110 941 23 30.7
111 70 21 26.8
112 1150 42 86.7
113 821 13 43.1
114 114 46 75.7
115 760 9 85.0
116 852 53 72.7
117 237 46 33.7
118 1035 35 35.8
119 867 3 9.0
120 1322 55 10.0
121 198 38 20.8
122 1345 50 5.6
123 719 12 90.5
124 958 45 62.0
125 983 57 92.0
126 466 46 98.3
127 1149 8 34.1
128 34 55 31.1
129 821 53 86.5
130 1165 54 33.9
131 398 2 68.7
132 606 17 18.4
133 1418 4 72.0
134 165 15 23.8
135 199 59 98.5
136 746 51 36.2
137 49 42 76.2
138 818 52 76.1
139 568 54 6.4
140 201 8 79.9
141 1138 5 24.5
