108
1 1030 8 91.0
2 989 25 32.9
3 1180 44 98.7
4 1290 54 15.4
5 1407 18 70.7
6 1308 34 13.7
7 1188 37 87.9
8 896 48 78.3
9 628 43 13.5
10 587 10 19.7
11 755 58 21.4
12 1418 7 79.1
13 648 31 71.0
14 1416 57 31.3
15 980 19 58.9
16 1154 45 39.6
17 411 33 54.8
18 357 49 12.2
19 290 17 88.3
20 1263 23 59.3
21 405 49 93.5
22 1034 25 4.0
23 534 38 77.8
24 808 59 2.9
25 273 39 66.4
26 797 39 20.2
27 537 55 87.0
28 1119 43 85.4
29 621 25 24.6
30 1303 2 11.8
31 32 19 15.4
32 926 59 44.4
33 911 37 10.8
34 513 8 68.5
35 192 57 46.6
36 937 51 23.5
37 496 24 67.0
38 272 29 16.5
39 46 39 47.9
40 46 13 62.4
41 787 40 59.7
42 891 25 9.1
43 709 33 10.8
44 1071 15 43.8
45 784 51 88.3
46 381 57 35.6
47 1300 36 28.9
48 1351 25 5.3
49 1068 5 22.4
50 1296 16 50.3
51 705 5 16.5
52 384 10 72.6
53 1180 51 64.1
54 859 9 98.2
55 1178 35 34.4
56 364 47 82.0
57 1297 29 16.9
58 741 12 37.0
59 980 9 55.3
60 716 24 99.2
61 1429 31 21.3
62 1144 43 75.4
63 310 3 96.9
64 1384 20 41.6
65 1210 24 33.9
66 1188 53 62.1
67 667 15 11.4
68 935 28 36.5
69 769 44 10.3
70 362 50 34.4
71 1019 6 31.7
72 1238 43 23.2
73 337 47 93.8
74 865 22 55.3
75 525 9 43.9
76 480 16 27.7
77 537 43 79.5
78 209 16 9.8
79 1330 42 48.3
80 1239 10 96.0
81 942 1 77.4
82 1280 14 39.2
83 311 38 13.6
84 1042 13 87.5
85 990 14 6.7
86 764 21 98.6
87 194 48 43.8
88 244 41 48.2
89 1004 55 63.3
90 325 24 96.0
91 1183 45 73.2
92 1238 15 55.2
93 528 59 74.1
94 276 26 95.4
95 579 23 89.8
96 299 26 87.6
97 763 55 80.3
98 445 21 98.6
99 497 41 71.7
100 1226 41 81.1
101 898 32 71.3
102 809 48 98.1
103 434 10 68.9
104 25 46 37.1
105 1164 3 91.9
106 400 27 49.9
107 342 8 20.4
108 1106 51 7.1
