119
1 490 10 73.7
2 630 24 21.3
3 43 58 27.3
4 1222 11 3.6
5 105 14 53.6
6 1255 45 49.7
7 59 51 34.9
8 949 51 60.8
9 1224 9 20.8
10 348 54 50.4
11 422 23 57.1
12 1098 26 22.7
13 63 42 16.7
14 169 18 78.9
15 1328 23 96.3
16 341 40 47.3
17 1105 10 29.9
18 82 50 53.9
19 57 12 45.3
20 335 48 91.3
21 1270 29 88.4
22 223 50 32.8
23 549 12 21.3
24 22 23 99.1
25 494 51 80.7
26 1213 49 72.6
27 610 9 76.6
28 520 17 91.5
29 1030 12 18.2
30 668 26 69.9
31 1420 26 64.6
32 485 47 46.2
33 196 27 56.7
34 604 2 71.1
35 951 9 81.3
36 1142 12 42.2
37 740 38 83.3
38 1153 6 63.2
39 802 49 51.0
40 635 25 22.4
41 695 38 58.6
42 488 6 61.2
43 916 21 53.0
44 1394 15 83.4
45 223 31 14.4
46 476 43 84.3
47 465 39 95.4
48 503 11 4.6
49 485 30 89.8
50 1326 55 57.4
51 833 31 98.1
52 880 56 52.2
53 1429 55 74.0
54 380 27 24.1
55 672 48 13.7
56 1114 1 44.0
57 1359 46 73.3
58 946 4 86.3
59 960 31 21.9
60 529 30 57.6
61 309 22 57.2
62 503 33 38.5
63 739 7 52.3
64 483 20 40.4
65 863 37 7.2
66 994 1 65.9
67 576 22 12.4
68 883 18 91.7
69 860 7 51.8
70 570 59 64.0
71 1372 19 13.3
72 437 31 78.6
73 1334 14 48.2
74 151 48 29.0
75 1385 47 18.2
76 1343 39 0.7
77 904 19 26.7
78 689 10 25.7
79 995 35 1.4
80 163 52 69.0
81 1434 12 39.1
82 1340 21 88.2
83 731 19 6.6
84 903 8 88.2
85 217 19 93.8
86 132 24 58.7
87 397 13 33.0
88 1227 2 39.0
89 58 50 89.4
90 500 15 28.5
91 384 43 72.0
92 64 48 22.3
93 236 13 38.8
94 456 55 64.7
95 888 32 26.1
96 256 49 29.5
97 1285 5 18.3
98 216 21 22.8
99 841 33 71.3
100 1242 18 54.9
101 879 46 12.1
102 972 16 74.0
103 538 40 74.9
104 1317 10 19.4
105 113 28 95.3
106 803 36 6.5
107 1180 13 23.7
108 1183 59 36.7
109 1043 25 90.8
110 549 44 21.3
111 523 21 2.7
112 664 53 13.1
113 1181 46 69.6
114 435 53 17.6
115 1303 46 1.4
116 811 8 37.0
117 812 11 44.9
118 59 56 83.0
119 1230 24 50.8
