143
1 1418 46 48.6
2 689 23 55.5
3 946 58 37.8
4 926 13 50.1
5 740 14 19.9
6 531 32 11.0
7 1243 3 44.7
8 846 22 60.4
9 236 6 69.5
10 75 44 86.5
11 803 30 95.8
12 1255 47 54.6
13 720 30 26.5
14 713 54 19.1
15 351 2 94.5
16 365 47 6.5
17 1082 39 25.9
18 857 13 23.8
19 212 36 68.7
20 1355 57 54.3
21 1395 45 4.4
22 1352 9 92.7
23 313 36 70.6
24 484 58 18.5
25 1427 43 92.3
26 1150 1 77.0
27 1410 34 33.0
28 1034 26 46.7
29 304 36 44.3
30 792 46 16.5
31 1115 52 90.1
32 545 49 37.0
33 958 25 82.5
34 487 54 99.2
35 677 24 79.1
36 853 19 27.2
37 76 55 80.7
38 914 24 1.1
39 720 34 81.4
40 880 57 3.5
41 309 29 83.4
42 398 35 64.2
43 367 56 46.7
44 472 11 88.4
45 548 18 48.7
46 351 26 67.8
47 665 20 93.4
48 660 49 74.7
49 577 39 91.0
50 144 8 1.3
51 1285 56 85.9
52 1081 4 13.5
53 832 43 70.1
54 743 57 70.1
55 1312 59 93.8
56 135 35 6.5
57 748 46 75.2
58 711 40 10.3
59 109 16 17.9
60 662 10 5.5
61 411 21 60.6
62 1178 50 38.6
63 916 36 89.1
64 750 22 63.4
65 89 47 69.5
66 1136 41 19.2
67 955 25 97.7
68 535 28 16.4
69 549 19 11.2
70 368 45 86.3
71 491 9 57.7
72 104 40 42.2
73 1260 27 61.1
74 688 47 86.2
75 618 29 13.6
76 783 11 39.4
77 232 16 35.9
78 1298 12 3.6
79 1275 19 23.3
80 421 59 90.8
81 1069 12 21.5
82 519 35 52.4
83 109 29 47.5
84 168 14 54.1
85 766 41 63.8
86 1235 5 96.7
87 409 53 17.0
88 1092 27 31.2
89 521 35 9.9
90 1006 33 65.9
91 1309 55 91.0
92 283 49 34.0
93 912 41 95.0
94 585 45 41.4
95 1044 19 59.7
96 128 14 83.4
97 108 3 97.0
98 62 58 96.3
99 1376 22 41.5
100 1113 44 48.2
101 957 21 87.0
102 343 12 45.4
103 1063 21 38.0
104 1096 21 89.5
105 961 48 26.1
106 214 56 10.9
107 632 45 57.4
108 1339 2 56.7
109 173 20 12.1
110 31 54 60.6
111 626 39 92.7
112 1112 24 71.1
113 254 9 27.3
114 158 54 15.9
115 1267 27 26.9
116 1132 11 42.5
117 713 6 58.8
118 858 11 24.4
119 906 34 93.9
120 456 4 49.0
121 315 38 1.3
122 329 57 95.0
123 1343 23 17.4
124 385 4 95.2
125 358 49 25.1
126 467 56 44.3
127 863 22 95.7
128 411 5 45.3
129 1244 15 81.6
130 385 18 70.4
131 314 11 29.3
132 1161 18 60.4
133 89 12 15.0
134 526 56 26.9
135 576 26 86.8
136 1345 41 93.2
137 1195 13 29.8
138 771 35 11.7
139 581 37 55.0
140 154 36 15.7
141 444 57 54.1
142 703 50 21.0
143 60 26 56.2
