130
1 1324 6 27.7
2 966 35 30.1
3 277 8 43.0
4 325 3 80.3
5 453 6 88.1
6 1243 41 60.0
7 1121 14 7.0
8 560 10 22.5
9 377 38 31.2
10 392 50 73.2
11 919 6 47.1
12 1426 35 4.9
13 1192 6 87.1
14 1433 53 90.5
15 173 55 5.9
16 1151 24 74.7
17 1031 40 15.5
18 722 51 52.6
19 10 55 10.0
20 1302 17 50.0
21 579 44 78.3
22 1277 16 92.4
23 496 26 34.4
24 813 4 7.8
25 116 59 62.9
26 334 24 41.8
27 1378 10 66.0
28 1024 36 67.8
29 86 49 14.5
30 1407 11 12.6
31 1173 10 96.6
32 1069 23 38.1
33 1084 22 22.7
34 805 52 47.5
35 378 44 34.9
36 1214 44 91.2
37 905 34 86.6
38 313 11 66.9
39 495 56 64.8
40 489 54 84.6
41 755 22 44.6
42 301 42 35.2
43 142 42 69.0
44 763 41 1.9
45 903 30 64.6
46 251 53 71.4
47 1049 12 79.5
48 593 8 74.6
49 253 1 79.4
50 1022 37 15.1
51 212 44 76.3
52 705 27 92.6
53 982 19 80.4
54 1408 33 87.9
55 89 8 95.7
56 1179 2 11.6
57 1001 29 92.3
58 945 20 37.8
59 1332 48 11.2
60 412 2 13.6
61 1197 50 97.7
62 695 37 51.0
63 786 58 56.6
64 1185 16 18.7
65 842 19 46.6
66 34 13 36.8
67 1400 24 20.3
68 477 9 90.4
69 270 34 28.3
70 1142 25 26.4
71 363 52 14.7
72 973 13 89.7
73 483 29 74.8
74 167 56 64.1
75 781 18 1.2
76 947 17 9.2
77 1387 21 72.2
78 1092 21 32.7
79 1005 47 32.7
80 937 55 6.8
81 749 59 23.1
82 658 14 41.4
83 941 25 8.8
84 1214 24 52.5
85 6 51 6.9
86 918 37 22.6
87 991 45 5.2
88 276 9 60.0
89 1361 37 64.8
90 874 3 90.8
91 1279 58 25.7
92 878 2 38.3
93 1347 20 87.5
94 890 56 5.1
95 750 36 22.1
96 1250 52 64.7
97 389 4 86.6
98 500 1 64.1
99 1128 34 71.8
100 257 10 2.9
101 1404 16 74.3
102 381 14 44.1
103 817 35 68.1
104 189 22 84.7
105 994 32 14.0
106 857 33 26.4
107 788 28 32.9
108 700 26 36.9
109 592 24 84.4
110 1023 37 75.3
111 213 9 42.3
112 215 44 0.5
113 42 52 95.5
114 505 24 44.7
115 704 56 13.1
116 787 29 89.5
117 949 35 6.1
118 688 45 75.0
119 848 28 18.9
120 320 33 27.3
121 927 1 54.8
122 1290 37 21.2
123 1179 39 64.0
124 1058 1 6.0
125 1269 14 90.2
126 860 40 43.8
127 572 36 74.1
128 1282 5 38.6
129 108 45 72.3
130 751 40 62.6
