121
1 511 51 8.4
2 1371 30 62.2
3 429 59 46.0
4 741 2 38.1
5 1065 29 91.1
6 552 32 3.2
7 845 21 55.4
8 1381 3 95.3
9 632 16 18.6
10 703 5 54.1
11 178 7 29.6
12 769 9 88.6
13 372 18 67.1
14 1248 2 97.2
15 600 24 72.4
16 712 26 18.3
17 958 43 60.4
18 1197 2 8.2
19 924 18 56.7
20 790 12 18.4
21 1127 31 32.6
22 1086 29 74.0
23 1208 14 49.5
24 525 59 28.4
25 930 33 4.1
26 1229 40 58.5
27 411 32 91.3
28 1427 55 0.6
29 1008 17 96.9
30 10 4 77.2
31 540 42 22.5
32 1335 47 55.9
33 1048 2 40.4
34 556 48 98.7
35 489 54 43.8
36 709 56 58.6
37 405 44 12.9
38 1004 23 11.0
39 999 55 5.2
40 1347 45 76.7
41 1354 12 35.3
42 469 9 54.2
43 553 39 29.8
44 886 14 35.5
45 776 58 89.1
46 587 11 33.8
47 190 12 11.1
48 453 7 95.5
49 1086 47 44.9
50 835 32 68.8
51 903 48 82.2
52 409 59 44.2
53 766 32 8.1
54 1119 41 21.0
55 98 39 50.7
56 838 40 78.7
57 350 19 23.7
58 569 36 82.8
59 1065 5 11.5
60 1100 36 46.9
61 567 45 79.0
62 577 55 87.6
63 1204 1 24.2
64 846 33 22.1
65 1266 58 68.8
66 245 20 74.0
67 235 25 66.4
68 1411 9 79.0
69 921 25 25.5
70 1329 26 94.4
71 875 39 64.4
72 946 32 46.7
73 229 36 22.1
74 1087 37 15.7
75 119 59 31.4
76 1095 38 45.3
77 1248 54 33.0
78 268 2 58.4
79 154 36 9.4
80 626 20 12.4
81 217 51 26.7
82 769 26 35.0
83 777 23 32.9
84 1280 41 76.7
85 377 59 18.3
86 231 36 0.8
87 930 18 19.9
88 73 53 31.7
89 429 13 8.4
90 121 42 28.4
91 364 27 18.9
92 897 13 34.0
93 846 11 80.3
94 907 14 7.8
95 80 25 96.5
96 1429 14 23.7
97 1075 20 21.3
98 669 25 93.9
99 1068 45 29.7
100 905 11 52.0
101 409 38 39.7
102 20 1 35.0
103 815 21 96.1
104 134 45 91.3
105 1076 35 73.4
106 890 34 54.7
107 1358 48 33.0
108 494 49 82.9
109 832 42 58.6
110 44 33 31.8
111 1356 27 69.7
112 976 52 25.3
113 1351 41 66.8
114 346 1 54.5
115 7 28 19.6
116 226 9 88.7
117 999 17 2.5
118 293 7 25.0
119 1054 2 3.9
120 1342 59 1.8
121 275 24 26.5
