139
1 283 38 32.7
2 1330 56 20.5
3 1003 45 60.9
4 239 11 62.2
5 948 5 42.1
6 329 41 92.7
7 1068 17 94.2
8 1399 36 65.1
9 647 10 75.2
10 1300 15 82.5
11 343 36 22.2
12 547 7 63.7
13 932 21 19.0
14 340 26 20.0
15 391 33 8.1
16 510 44 81.6
17 1165 10 7.8
18 248 32 1.8
19 488 11 21.6
20 262 56 37.5
21 828 39 23.7
22 740 8 47.6
23 999 35 45.5
24 792 7 78.2
25 1314 2 28.6
26 207 9 11.3
27 411 1 83.9
28 849 48 13.0
29 825 7 92.4
30 748 45 20.8
31 1145 39 90.2
32 1231 53 27.1
33 109 45 73.7
34 657 38 91.4
35 300 18 95.1
36 166 30 64.0
37 651 20 63.8
38 392 27 77.5
39 1295 20 39.5
40 1352 33 13.3
41 728 7 97.7
42 677 3 57.8
43 653 59 17.4
44 724 49 89.8
45 706 32 32.4
46 961 49 52.3
47 233 25 3.3
48 114 10 73.6
49 915 32 4.6
50 428 49 72.3
51 1393 6 33.9
52 1041 24 1.1
53 1345 46 20.9
54 309 42 46.1
55 1318 48 51.2
56 756 20 82.3
57 1377 51 18.2
58 1097 56 97.3
59 1353 37 78.8
60 598 49 20.6
61 533 56 66.2
62 1198 31 76.4
63 385 54 67.6
64 970 16 84.0
65 998 59 60.8
66 228 1 80.0
67 853 23 93.4
68 548 45 9.0
69 1342 45 96.7
70 609 36 8.4
71 333 14 22.4
72 450 44 48.2
73 120 46 29.1
74 895 48 43.9
75 1425 29 26.3
76 790 39 87.7
77 634 49 7.7
78 980 35 58.1
79 108 27 4.2
80 163 28 63.2
81 1319 25 54.6
82 34 5 78.9
83 364 26 76.5
84 305 55 19.2
85 777 14 88.7
86 24 2 93.0
87 261 17 11.1
88 862 7 16.3
89 567 47 7.5
90 303 43 72.4
91 1152 9 87.8
92 1399 17 4.8
93 687 14 98.5
94 504 40 62.7
95 825 59 79.5
96 1052 1 11.9
97 11 15 52.3
98 1150 47 54.9
99 648 59 60.5
100 1141 14 79.3
101 1335 27 44.8
102 1095 21 52.7
103 585 29 66.8
104 1252 10 21.3
105 803 55 74.6
106 95 55 95.3
107 1437 42 55.9
108 493 54 11.5
109 579 12 7.9
110 14 17 49.0
111 31 28 85.7
112 1404 36 5.0
113 281 49 56.3
114 524 45 54.9
115 560 55 64.0
116 99 14 44.0
117 1273 21 95.3
118 1400 40 96.0
119 867 53 49.6
120 1398 24 94.9
121 1150 19 24.9
122 1384 48 85.6
123 881 22 48.6
124 842 15 15.3
125 1434 38 28.6
126 819 42 76.7
127 1222 45 82.6
128 997 29 80.3
129 1170 26 9.3
130 713 58 18.9
131 153 10 82.3
132 18 34 13.7
133 546 24 56.9
134 1367 20 59.2
135 54 57 31.8
136 303 51 4.7
137 375 54 26.9
138 447 36 86.6
139 1151 12 87.7
