136
1 1109 13 49.7
2 830 17 5.6
3 795 10 56.0
4 329 10 29.2
5 74 11 68.5
6 1105 1 22.6
7 1204 30 77.5
8 1047 18 9.5
9 676 50 13.0
10 570 24 98.3
11 523 9 5.4
12 1376 4 3.0
13 1053 37 27.2
14 564 35 59.2
15 256 34 54.5
16 1072 33 13.4
17 921 24 57.2
18 901 49 97.4
19 593 42 63.6
20 349 5 99.2
21 941 20 31.8
22 1408 22 83.2
23 897 48 10.5
24 176 21 52.2
25 946 7 65.2
26 434 50 7.9
27 1357 59 28.8
28 644 53 78.3
29 6 21 31.5
30 474 33 74.9
31 152 41 16.8
32 1335 48 82.5
33 752 51 0.8
34 1082 15 41.7
35 516 47 19.7
36 496 34 20.1
37 571 17 41.0
38 205 57 21.2
39 1317 20 61.3
40 1349 55 89.6
41 51 38 22.7
42 288 59 63.7
43 189 36 88.4
44 206 57 95.2
45 65 29 89.8
46 741 6 83.4
47 238 51 47.5
48 196 11 35.1
49 702 50 82.1
50 1126 42 3.3
51 3 47 88.6
52 480 11 44.3
53 242 41 16.2
54 1128 18 40.9
55 896 25 5.4
56 1008 7 70.9
57 893 2 25.0
58 809 4 95.3
59 1413 6 91.5
60 1197 18 59.5
61 992 56 60.6
62 1244 4 70.6
63 894 22 17.8
64 564 55 14.0
65 892 7 51.9
66 1131 8 0.7
67 1188 37 43.1
68 142 45 80.8
69 1309 21 41.9
70 794 25 73.6
71 609 50 62.8
72 1195 1 7.7
73 889 18 29.4
74 586 40 6.2
75 777 47 58.3
76 1312 29 81.9
77 903 37 88.1
78 544 3 33.9
79 1053 22 1.4
80 157 22 61.3
81 631 52 58.5
82 1381 15 0.9
83 318 31 69.8
84 308 51 78.9
85 1421 51 80.0
86 1138 48 80.1
87 997 51 55.2
88 630 10 79.4
89 541 43 3.0
90 972 17 19.3
91 289 39 29.0
92 600 24 98.5
93 800 44 32.3
94 1029 41 24.1
95 1264 50 19.8
96 11 56 49.1
97 86 19 57.4
98 247 30 12.9
99 576 23 35.1
100 226 3 18.7
101 188 55 30.7
102 1130 19 14.5
103 1168 56 12.8
104 1173 49 74.1
105 784 34 72.8
106 347 55 75.7
107 751 14 12.7
108 443 53 84.2
109 689 38 26.8
110 944 52 33.7
111 1153 5 66.6
112 309 45 75.8
113 563 11 52.8
114 624 36 33.4
115 1037 30 96.4
116 44 7 48.2
117 373 43 30.1
118 305 57 37.8
119 736 23 2.0
120 1120 52 76.6
121 745 49 21.7
122 804 7 62.6
123 260 22 29.8
124 1372 14 55.4
125 629 28 65.6
126 1276 3 17.9
127 333 49 78.3
128 1290 30 40.9
129 21 31 87.3
130 377 4 86.7
131 472 8 74.4
132 91 36 36.3
133 837 13 29.0
134 10 27 85.6
135 352 45 77.3
136 726 25 62.8
