196
1 398 57 38.1
2 671 9 93.6
3 958 27 26.4
4 407 21 63.3
5 203 38 88.7
6 973 37 58.5
7 144 56 55.6
8 141 56 58.2
9 70 2 8.9
10 1004 28 33.9
11 203 29 9.5
12 724 45 22.1
13 1153 42 14.6
14 1253 26 16.8
15 99 22 33.5
16 1217 6 29.0
17 1062 40 82.3
18 255 57 18.5
19 579 31 46.3
20 948 7 78.1
21 1357 1 63.8
22 748 35 81.9
23 1309 30 44.0
24 1155 28 59.1
25 340 1 13.7
26 39 4 83.8
27 228 55 64.8
28 347 9 15.9
29 655 24 7.4
30 1182 36 23.6
31 1356 15 53.6
32 89 52 27.9
33 262 1 15.1
34 1095 6 79.5
35 1317 32 88.3
36 1241 51 54.1
37 390 30 75.6
38 292 18 69.4
39 632 31 11.4
40 358 18 60.1
41 676 1 21.8
42 1410 22 95.2
43 797 54 37.6
44 445 47 75.8
45 1424 48 49.4
46 201 3 53.8
47 258 9 10.6
48 719 3 3.7
49 485 31 48.7
50 1184 30 20.9
51 947 53 62.0
52 540 25 53.4
53 323 3 82.7
54 69 34 46.7
55 417 51 43.8
56 977 5 99.0
57 1404 11 78.5
58 1235 38 48.0
59 481 44 52.9
60 470 19 54.4
61 441 11 29.7
62 442 45 27.0
63 212 23 67.3
64 287 9 88.9
65 254 28 10.8
66 87 43 57.1
67 943 19 8.7
68 643 41 34.9
69 647 47 45.9
70 995 31 77.3
71 734 33 9.9
72 1395 20 38.9
73 1016 23 23.3
74 438 34 32.8
75 763 37 18.7
76 805 4 63.9
77 564 2 72.8
78 1123 8 65.7
79 11 27 38.8
80 412 49 24.4
81 614 17 60.8
82 1094 36 72.1
83 682 19 77.4
84 682 11 65.5
85 951 4 63.7
86 318 56 64.0
87 321 5 88.6
88 1108 56 78.5
89 1395 19 49.8
90 198 29 21.9
91 163 12 89.5
92 685 3 27.5
93 630 44 88.5
94 316 46 69.5
95 1055 33 42.5
96 1217 37 16.9
97 1167 44 19.9
98 589 15 72.1
99 905 56 52.8
100 322 36 52.6
101 522 23 86.3
102 552 46 91.8
103 577 51 23.8
104 430 26 15.8
105 1049 42 95.1
106 706 25 78.3
107 61 45 4.4
108 1411 34 66.3
109 35 24 55.5
110 66 52 62.6
111 132 34 87.7
112 258 7 75.0
113 1304 47 3.4
114 740 13 80.5
115 1126 21 76.8
116 270 51 3.7
117 126 38 45.4
118 599 29 5.8
119 1370 52 79.7
120 877 57 93.1
121 906 21 47.6
122 1414 31 27.7
123 128 14 63.1
124 72 17 55.9
125 1430 1 6.9
126 613 50 7.7
127 1404 58 19.2
128 961 7 98.0
129 1396 50 90.5
130 852 24 71.3
131 1333 39 88.8
132 428 12 4.5
133 136 13 40.0
134 1017 52 12.5
135 910 16 83.2
136 562 19 38.9
137 218 22 25.6
138 455 45 52.7
139 421 26 66.8
140 1217 38 59.1
141 827 30 70.4
142 357 55 29.5
143 1397 15 62.3
144 488 21 95.4
145 1255 9 70.9
146 1163 35 57.8
147 1322 1 61.0
148 87 54 16.3
149 730 32 82.8
150 841 22 83.5
151 994 50 21.4
152 638 3 46.5
153 823 27 73.8
154 950 25 72.2
155 571 16 8.6
156 419 5 50.8
157 1268 28 90.4
158 151 12 63.4
159 1230 59 3.9
160 1218 36 9.3
161 505 23 42.9
162 1058 12 66.0
163 1368 19 33.4
164 1186 5 74.6
165 94 37 42.1
166 1059 15 29.7
167 713 59 78.4
168 1387 30 32.3
169 757 47 79.8
170 942 24 57.7
171 328 51 62.2
172 326 9 92.8
173 1083 34 29.3
174 689 41 65.8
175 1303 33 69.2
176 980 5 32.7
177 539 30 66.4
178 1350 8 94.1
179 813 11 97.8
180 1032 38 55.8
181 1280 20 3.5
182 1182 55 93.2
183 259 13 15.9
184 1110 41 4.2
185 1428 48 51.9
186 323 41 27.8
187 1190 32 82.7
188 278 55 95.3
189 134 57 80.2
190 999 28 91.2
191 709 27 68.9
192 84 20 38.7
193 398 48 18.7
194 24 56 29.0
195 59 1 80.9
196 945 22 61.1
