192
1 545 56 57.5
2 737 6 63.9
3 1433 27 23.9
4 1319 38 11.2
5 231 7 31.7
6 407 59 63.4
7 773 46 59.0
8 631 53 79.6
9 1329 46 80.0
10 1045 34 58.9
11 130 54 9.2
12 1208 3 48.2
13 32 53 66.7
14 1301 19 69.9
15 360 16 79.6
16 1430 16 14.9
17 1012 46 67.2
18 371 1 13.3
19 589 11 90.6
20 703 4 30.4
21 1045 22 74.7
22 412 38 0.8
23 446 17 31.0
24 339 48 86.7
25 1105 32 65.1
26 1389 13 42.9
27 125 42 84.2
28 32 11 26.2
29 1270 21 28.8
30 873 11 64.7
31 30 15 40.8
32 866 54 87.3
33 1072 12 94.9
34 378 8 36.9
35 1216 20 2.7
36 302 42 16.0
37 998 8 0.6
38 164 55 77.1
39 267 46 39.7
40 933 47 18.9
41 1432 57 85.7
42 26 25 93.9
43 609 44 34.8
44 928 20 53.8
45 977 36 78.2
46 1000 6 97.8
47 1036 46 37.3
48 393 38 87.7
49 1246 56 77.1
50 1394 7 4.1
51 146 17 65.0
52 334 47 93.9
53 213 46 54.8
54 635 7 32.2
55 685 15 44.2
56 1241 20 88.9
57 1109 14 50.2
58 333 22 71.5
59 837 41 67.3
60 811 48 14.8
61 438 33 84.4
62 769 29 76.0
63 1023 45 65.7
64 1044 43 56.6
65 453 59 70.5
66 1216 52 24.7
67 355 45 92.8
68 5 30 32.5
69 710 2 77.7
70 746 37 35.5
71 965 27 90.4
72 470 47 78.2
73 83 8 89.8
74 771 4 58.3
75 33 4 80.7
76 614 20 27.2
77 232 4 46.5
78 1431 34 92.3
79 1013 39 17.2
80 66 19 54.9
81 1043 10 31.3
82 256 17 74.1
83 1337 18 95.0
84 1154 16 57.0
85 384 29 33.4
86 1192 57 71.8
87 351 18 67.9
88 990 40 95.1
89 137 32 66.3
90 1219 55 70.3
91 275 49 53.3
92 283 22 75.4
93 1334 59 21.7
94 1102 6 7.9
95 522 5 62.2
96 179 27 67.0
97 507 13 34.1
98 501 36 62.4
99 320 29 26.8
100 1249 25 97.4
101 40 5 32.2
102 535 47 12.3
103 439 38 1.2
104 128 40 10.2
105 378 45 32.8
106 1135 4 82.6
107 1125 17 78.6
108 176 38 82.0
109 1331 56 90.1
110 230 57 63.9
111 274 52 57.5
112 900 21 49.3
113 1099 12 36.8
114 59 43 74.7
115 1015 24 54.4
116 863 41 16.4
117 374 54 92.3
118 626 30 43.2
119 286 14 16.3
120 1174 30 87.6
121 1252 26 27.0
122 966 29 39.8
123 237 29 37.3
124 739 31 21.0
125 127 26 74.8
126 575 5 34.0
127 783 30 96.0
128 338 17 49.3
129 752 56 44.1
130 303 58 12.9
131 998 52 80.0
132 193 27 31.6
133 605 40 32.7
134 1358 45 62.7
135 535 37 10.8
136 1182 12 23.5
137 268 36 43.8
138 1011 8 29.9
139 548 3 92.3
140 235 22 69.7
141 177 32 26.1
142 260 12 58.5
143 137 9 63.7
144 298 53 57.5
145 301 47 21.9
146 860 55 44.3
147 546 41 32.1
148 923 31 36.6
149 281 14 24.2
150 640 17 69.0
151 976 45 99.1
152 563 35 94.1
153 979 10 80.2
154 1380 49 4.0
155 358 6 38.5
156 1002 46 82.6
157 131 20 83.9
158 1054 35 44.0
159 942 1 87.1
160 507 40 66.1
161 43 32 85.4
162 52 57 4.6
163 1132 44 15.9
164 535 29 93.9
165 934 34 73.9
166 1325 37 29.4
167 1213 57 84.5
168 1377 1 59.4
169 1204 16 26.6
170 246 34 23.6
171 1057 47 67.3
172 113 17 71.6
173 201 12 15.0
174 914 7 28.9
175 483 58 70.3
176 1327 47 64.9
177 1038 45 2.9
178 234 6 11.7
179 650 35 83.4
180 466 53 67.5
181 1337 59 97.7
182 336 3 73.6
183 871 46 74.9
184 1401 45 43.2
185 1106 46 26.8
186 320 55 32.6
187 841 57 93.6
188 521 25 55.6
189 5 46 44.0
190 1227 48 77.6
191 1197 40 1.2
192 601 55 39.3
