176
1 415 15 16.6
2 689 39 52.6
3 1260 28 74.7
4 159 57 89.8
5 19 46 39.6
6 38 16 78.8
7 881 54 51.9
8 312 42 66.1
9 98 58 46.6
10 424 25 5.6
11 328 29 9.8
12 1213 20 80.7
13 600 51 43.2
14 916 15 66.1
15 1410 13 91.0
16 718 41 23.3
17 634 21 88.9
18 213 28 32.7
19 988 26 15.9
20 298 39 31.1
21 841 26 61.6
22 815 53 59.2
23 1227 43 1.8
24 982 33 6.8
25 1390 46 33.5
26 570 27 50.0
27 317 51 82.1
28 1231 3 46.5
29 524 6 69.5
30 1209 44 53.4
31 665 32 72.4
32 1203 20 69.9
33 192 35 6.8
34 543 5 46.6
35 224 43 42.2
36 236 32 70.6
37 1420 22 9.2
38 1398 45 22.7
39 1424 2 29.7
40 1089 24 60.3
41 676 15 54.6
42 134 9 29.5
43 89 17 88.4
44 1297 9 9.1
45 1011 33 4.6
46 164 8 62.4
47 340 25 13.9
48 1422 20 42.3
49 959 7 27.0
50 477 45 93.2
51 464 36 77.3
52 489 50 70.1
53 1129 41 71.3
54 36 11 24.2
55 220 13 36.4
56 1423 20 79.6
57 1317 52 38.3
58 416 50 18.9
59 1099 9 76.9
60 1239 48 25.2
61 261 48 86.0
62 1340 33 11.3
63 1355 1 5.9
64 531 32 8.9
65 967 3 3.5
66 1052 53 85.2
67 1057 1 63.0
68 1239 59 31.0
69 1245 10 55.7
70 529 30 19.3
71 388 38 63.9
72 1222 46 40.7
73 1034 21 3.4
74 275 46 4.5
75 823 27 7.1
76 591 40 53.7
77 524 42 42.2
78 491 19 65.8
79 843 20 74.8
80 807 4 55.5
81 590 47 25.3
82 1265 15 54.9
83 937 47 87.9
84 1113 31 8.7
85 1239 20 18.3
86 657 22 56.5
87 689 7 75.4
88 55 38 41.9
89 165 17 3.7
90 1174 17 70.6
91 259 55 9.8
92 219 19 94.6
93 1404 47 76.7
94 1105 1 23.8
95 816 5 43.7
96 512 40 49.4
97 113 22 90.4
98 879 38 74.1
99 142 52 63.2
100 925 18 58.5
101 496 54 9.6
102 921 26 62.2
103 295 52 84.2
104 972 27 5.9
105 1130 45 80.2
106 1315 17 76.0
107 483 2 90.9
108 792 10 58.4
109 398 47 64.5
110 1216 43 90.3
111 409 40 0.9
112 794 24 29.1
113 84 51 26.0
114 1103 23 11.3
115 825 59 80.1
116 1034 23 54.1
117 205 27 78.1
118 483 6 23.1
119 25 37 70.1
120 355 26 57.5
121 1168 14 29.1
122 618 27 19.6
123 616 40 19.1
124 61 42 43.4
125 1037 32 39.3
126 988 34 50.6
127 1306 7 79.3
128 975 28 3.4
129 1343 10 38.5
130 34 50 29.9
131 54 44 87.7
132 1201 44 58.0
133 437 17 34.0
134 1425 28 74.0
135 942 6 10.0
136 24 59 23.4
137 464 36 19.3
138 1092 57 15.0
139 1149 39 69.9
140 1299 47 3.3
141 1061 38 40.5
142 451 2 35.3
143 237 4 65.1
144 226 36 87.5
145 82 27 41.8
146 1202 33 99.4
147 724 12 60.8
148 750 6 17.1
149 1255 51 61.7
150 572 26 91.1
151 1137 50 44.3
152 1040 31 32.5
153 642 34 72.3
154 474 21 9.0
155 494 1 2.9
156 50 41 9.4
157 512 37 6.1
158 950 54 59.5
159 1327 7 60.3
160 99 25 48.2
161 278 38 85.4
162 1122 31 28.0
163 698 38 85.8
164 580 19 17.2
165 1313 41 35.1
166 1069 12 22.3
167 1188 56 45.0
168 525 59 9.9
169 695 13 76.5
170 204 22 14.4
171 629 54 17.5
172 652 14 20.3
173 157 24 90.2
174 947 50 85.5
175 1374 24 47.2
176 901 15 63.2
