197
1 1017 7 7.8
2 45 10 54.3
3 884 13 52.8
4 1204 41 8.1
5 603 25 82.2
6 507 46 62.2
7 496 19 29.6
8 817 53 52.0
9 1070 37 82.6
10 618 11 44.4
11 659 20 72.5
12 1183 31 54.3
13 354 39 62.1
14 639 52 83.7
15 1396 40 15.7
16 1258 41 42.7
17 524 56 40.8
18 1158 42 41.1
19 1011 58 47.0
20 929 46 12.2
21 1362 58 65.4
22 571 49 71.3
23 1410 5 35.7
24 414 28 76.4
25 406 20 93.2
26 106 16 95.7
27 79 39 56.4
28 22 23 64.9
29 373 13 73.6
30 1019 20 4.6
31 980 9 82.7
32 1229 49 21.5
33 187 41 76.3
34 966 39 33.3
35 991 9 6.5
36 326 24 58.2
37 728 2 43.7
38 29 56 92.6
39 1119 40 38.4
40 1320 46 8.7
41 117 43 86.7
42 1088 4 29.0
43 891 36 34.3
44 846 59 60.3
45 566 57 8.2
46 995 55 12.1
47 242 51 87.0
48 19 49 43.5
49 284 9 58.9
50 173 23 13.3
51 54 28 53.8
52 1369 6 91.6
53 995 34 38.7
54 489 31 23.6
55 705 5 11.2
56 325 23 16.5
57 1139 34 72.8
58 726 47 31.4
59 257 43 69.7
60 222 1 11.6
61 388 31 75.7
62 1255 18 8.2
63 684 48 86.1
64 433 26 8.2
65 163 50 17.3
66 584 9 74.4
67 3 46 7.5
68 884 47 1.1
69 10 38 35.8
70 158 23 26.6
71 1012 8 18.3
72 973 39 88.1
73 891 33 35.4
74 277 17 90.5
75 1268 16 34.1
76 1359 37 1.4
77 611 9 69.9
78 903 37 8.2
79 385 27 75.5
80 1078 41 36.1
81 1367 59 36.5
82 245 17 6.4
83 1130 37 68.3
84 1226 17 63.3
85 989 40 39.5
86 1330 43 91.0
87 908 9 80.5
88 1030 51 58.2
89 307 8 7.9
90 709 4 31.3
91 1300 24 39.2
92 103 47 80.8
93 849 20 8.3
94 13 16 94.3
95 127 33 20.3
96 544 36 40.7
97 1407 18 57.0
98 7 23 67.6
99 261 44 71.1
100 292 28 32.6
101 1278 13 93.3
102 1320 51 97.3
103 150 53 92.7
104 221 49 34.6
105 759 50 55.9
106 1064 58 68.3
107 731 23 15.7
108 609 46 64.0
109 200 8 8.8
110 731 33 89.7
111 227 24 41.5
112 1204 57 13.9
113 80 43 39.8
114 1185 25 74.5
115 603 16 0.5
116 1300 7 91.3
117 755 16 30.1
118 806 55 16.5
119 345 18 58.6
120 348 49 88.3
121 724 56 50.2
122 895 47 9.8
123 1278 47 62.6
124 1100 37 59.6
125 215 30 76.5
126 99 37 98.5
127 889 37 35.3
128 865 13 76.0
129 212 7 13.7
130 430 23 40.0
131 575 30 40.1
132 205 57 33.9
133 617 18 37.8
134 1320 8 53.4
135 234 53 28.5
136 894 11 28.0
137 2 23 75.7
138 1081 19 98.4
139 492 47 75.6
140 53 2 36.2
141 958 36 46.6
142 1130 34 68.0
143 324 34 98.7
144 454 13 72.6
145 513 48 34.1
146 558 46 5.2
147 1329 27 21.5
148 474 19 28.6
149 290 33 52.6
150 394 4 77.2
151 1008 35 98.0
152 1152 10 16.8
153 14 9 75.4
154 26 16 3.8
155 749 39 41.1
156 675 56 43.9
157 557 16 65.0
158 680 23 9.3
159 712 44 86.8
160 139 14 40.5
161 717 29 67.3
162 1027 40 23.5
163 389 45 9.1
164 617 10 32.7
165 903 46 97.1
166 741 3 79.0
167 108 3 41.5
168 787 18 61.6
169 133 39 71.4
170 52 52 62.7
171 533 49 68.7
172 225 16 74.1
173 930 4 23.3
174 492 17 45.9
175 1357 10 91.7
176 154 3 67.5
177 662 24 98.3
178 843 28 59.9
179 771 18 14.3
180 1430 17 66.0
181 575 49 49.1
182 157 58 54.1
183 1036 36 39.2
184 980 31 45.4
185 1146 3 19.8
186 484 59 13.7
187 144 21 95.1
188 1088 31 94.5
189 1016 58 70.9
190 1316 45 57.9
191 70 17 38.1
192 466 28 96.9
193 1395 51 39.2
194 161 25 91.3
195 694 25 15.2
196 947 55 36.3
197 492 13 76.6
