193
1 914 40 91.6
2 92 47 3.2
3 882 48 51.1
4 1115 47 4.9
5 134 55 38.3
6 1097 56 48.1
7 129 33 71.2
8 676 2 17.4
9 869 29 63.0
10 489 33 0.5
11 338 27 62.0
12 300 22 97.0
13 226 43 59.2
14 574 31 37.8
15 1209 11 95.2
16 1168 34 19.8
17 785 38 48.6
18 279 58 50.0
19 337 5 68.1
20 595 36 31.3
21 1191 34 40.0
22 861 15 15.1
23 1240 41 79.6
24 506 31 72.8
25 1389 25 66.7
26 780 36 90.8
27 134 42 96.5
28 564 42 15.1
29 237 25 6.1
30 240 31 30.8
31 332 19 91.0
32 602 35 86.9
33 1140 26 74.3
34 236 24 46.2
35 155 20 43.0
36 341 4 88.0
37 1181 35 4.1
38 1244 58 67.8
39 1168 33 66.6
40 1149 9 74.9
41 1137 6 61.8
42 329 12 36.4
43 1199 6 89.9
44 1043 50 21.8
45 1046 11 89.9
46 819 35 77.1
47 1436 47 17.0
48 746 23 39.5
49 1103 24 44.3
50 633 31 21.0
51 783 48 16.8
52 1128 22 45.2
53 582 34 34.4
54 658 24 78.8
55 468 51 82.5
56 704 12 8.7
57 746 36 31.0
58 1260 12 94.9
59 674 53 56.0
60 468 45 19.1
61 1328 5 61.0
62 739 15 96.8
63 875 24 37.2
64 1254 11 32.5
65 1352 5 7.2
66 619 8 63.3
67 216 17 91.0
68 130 46 48.8
69 66 42 49.7
70 430 30 96.3
71 1379 53 98.9
72 830 20 11.6
73 970 48 32.2
74 1205 1 74.9
75 1083 43 97.8
76 865 50 57.4
77 86 6 35.2
78 1325 20 3.2
79 215 16 37.9
80 935 30 41.5
81 981 50 16.3
82 68 31 17.9
83 933 24 47.0
84 814 31 74.2
85 945 50 76.0
86 204 30 41.8
87 854 34 57.0
88 1092 57 64.3
89 323 46 79.6
90 639 25 96.1
91 1072 45 84.4
92 384 46 83.8
93 1153 17 37.4
94 421 7 96.3
95 197 59 78.8
96 1400 9 55.6
97 953 26 10.3
98 627 20 27.9
99 1148 50 22.3
100 579 11 5.1
101 426 34 5.1
102 669 30 32.5
103 1250 49 63.3
104 176 33 14.9
105 1395 44 90.3
106 416 12 31.2
107 911 56 85.2
108 599 43 80.9
109 784 42 66.2
110 89 15 14.3
111 513 16 86.0
112 554 22 79.3
113 372 3 10.8
114 1001 21 64.2
115 89 54 82.1
116 157 54 70.4
117 1100 32 95.5
118 349 37 92.9
119 1080 40 59.0
120 186 49 96.6
121 1390 18 5.0
122 425 32 71.8
123 475 7 8.0
124 375 48 65.2
125 444 41 60.6
126 183 20 58.0
127 1405 51 59.0
128 834 58 13.3
129 1338 43 73.2
130 1197 31 75.0
131 88 1 83.3
132 557 5 37.7
133 1084 5 6.6
134 1308 27 89.3
135 1039 16 10.6
136 1026 12 60.3
137 551 1 88.8
138 379 48 61.9
139 1118 9 16.3
140 1265 51 18.8
141 448 42 10.0
142 1104 56 73.5
143 1017 36 73.2
144 467 57 59.0
145 491 30 24.8
146 534 24 97.8
147 142 38 9.0
148 638 42 51.4
149 943 21 17.0
150 1425 22 71.9
151 185 10 43.3
152 1053 40 72.6
153 1300 32 17.6
154 1333 52 59.5
155 1001 5 37.3
156 80 56 93.3
157 258 13 79.1
158 535 45 50.3
159 704 5 30.7
160 1120 25 45.1
161 173 33 8.2
162 1132 6 36.8
163 543 13 73.1
164 756 22 44.7
165 412 28 5.0
166 1002 3 0.9
167 1282 44 86.2
168 1377 41 7.8
169 927 31 10.1
170 241 12 1.0
171 1219 20 94.1
172 585 38 49.1
173 332 14 9.8
174 203 54 67.0
175 589 23 73.5
176 866 51 34.2
177 1221 47 53.1
178 1212 22 57.0
179 1265 54 82.0
180 82 49 30.7
181 101 3 35.0
182 97 23 69.0
183 174 56 29.6
184 669 48 36.7
185 577 44 75.6
186 1308 20 57.5
187 778 6 43.3
188 631 59 87.1
189 166 28 51.2
190 344 54 13.1
191 686 51 38.7
192 1066 34 98.8
193 459 30 95.3
