157
1 1066 27 29.8
2 1355 58 60.9
3 256 22 98.2
4 200 58 93.2
5 1190 23 9.5
6 173 17 11.4
7 799 14 55.4
8 791 20 76.5
9 57 53 36.7
10 678 43 15.4
11 510 26 30.8
12 1242 52 84.9
13 462 49 42.7
14 870 31 76.6
15 1098 48 30.0
16 1215 55 63.7
17 1085 43 23.8
18 239 55 30.6
19 876 4 28.7
20 814 54 33.6
21 347 32 10.2
22 444 10 68.8
23 331 9 70.5
24 947 40 71.4
25 675 35 68.0
26 579 31 5.8
27 10 28 66.4
28 916 12 51.9
29 35 48 59.5
30 974 19 26.8
31 1156 58 9.6
32 791 24 80.4
33 347 36 9.9
34 217 4 1.7
35 1186 43 54.0
36 790 26 3.2
37 535 50 98.4
38 663 45 34.4
39 353 18 74.1
40 1362 48 45.6
41 267 54 90.1
42 934 50 7.2
43 247 45 38.0
44 206 3 23.4
45 1211 16 42.0
46 1219 11 86.5
47 1257 53 21.1
48 943 48 98.0
49 440 42 69.9
50 322 33 95.6
51 218 25 19.1
52 959 51 59.8
53 923 26 44.5
54 72 3 17.1
55 1328 26 79.1
56 196 27 19.6
57 1259 50 56.7
58 1037 46 11.8
59 14 6 69.8
60 796 34 46.1
61 419 5 17.7
62 407 13 13.0
63 148 42 67.6
64 278 42 73.3
65 127 8 39.3
66 111 34 47.2
67 970 14 10.6
68 528 3 69.7
69 615 51 65.5
70 289 14 31.2
71 629 42 37.8
72 99 12 64.1
73 377 3 58.5
74 716 29 41.7
75 374 58 82.6
76 579 30 86.9
77 1435 8 52.4
78 38 14 72.5
79 931 59 52.5
80 1411 28 19.7
81 270 31 55.1
82 919 19 98.3
83 588 56 7.7
84 498 18 64.2
85 755 5 42.2
86 1247 12 52.7
87 957 31 69.9
88 1258 51 94.6
89 1254 38 45.4
90 1352 7 72.2
91 1014 38 71.1
92 688 20 8.8
93 1348 3 74.2
94 948 19 89.1
95 785 46 57.9
96 612 47 37.1
97 1204 6 83.7
98 575 58 14.1
99 155 15 27.0
100 283 43 70.2
101 30 10 13.8
102 600 12 72.5
103 288 32 85.4
104 955 39 55.1
105 500 2 86.2
106 400 57 64.5
107 1061 26 88.2
108 629 41 37.9
109 148 39 20.4
110 459 9 92.6
111 58 12 86.6
112 463 44 89.6
113 875 15 50.6
114 896 30 19.8
115 558 7 91.0
116 1038 48 3.2
117 255 23 38.7
118 1025 35 30.1
119 153 52 50.9
120 921 39 72.0
121 1312 36 1.8
122 160 53 83.2
123 913 5 67.4
124 1028 39 50.0
125 171 36 30.1
126 1094 5 59.6
127 685 55 89.0
128 178 44 10.7
129 92 30 21.0
130 1438 42 50.3
131 566 39 31.1
132 781 23 88.2
133 912 39 90.6
134 1401 5 7.9
135 689 4 96.7
136 1273 40 95.3
137 1114 58 75.5
138 531 7 86.7
139 1418 12 33.6
140 877 3 36.0
141 566 15 27.1
142 251 15 32.2
143 862 34 77.1
144 551 31 59.3
145 120 15 33.3
146 476 49 29.2
147 629 26 52.4
148 1278 22 86.5
149 155 9 59.0
150 867 31 97.4
151 652 37 31.3
152 249 50 18.3
153 517 52 17.3
154 968 3 6.8
155 1039 51 9.0
156 425 2 87.7
157 1139 22 71.5
