188
1 1079 8 18.8
2 454 2 8.8
3 1283 50 69.7
4 199 18 13.4
5 167 25 77.0
6 318 2 42.3
7 1058 3 58.5
8 427 15 76.5
9 1045 28 17.8
10 324 46 21.5
11 1437 43 19.0
12 861 33 80.7
13 931 47 50.9
14 868 30 49.9
15 762 55 10.2
16 670 59 22.1
17 89 54 97.7
18 205 17 43.1
19 596 35 68.3
20 213 52 51.2
21 930 35 60.8
22 1203 37 98.6
23 308 4 31.3
24 1381 19 3.8
25 776 11 95.9
26 656 51 14.5
27 1010 45 4.7
28 554 32 37.4
29 1130 53 76.5
30 1193 18 81.4
31 1303 6 47.7
32 353 15 38.6
33 1334 27 49.1
34 1259 1 87.8
35 1062 19 82.0
36 281 45 15.0
37 1164 9 48.7
38 409 16 60.7
39 1239 53 47.0
40 763 25 62.8
41 230 30 46.6
42 684 18 81.1
43 327 52 6.6
44 69 37 2.5
45 1406 14 5.3
46 1019 30 90.1
47 1245 32 13.4
48 122 49 23.2
49 120 14 5.0
50 87 54 98.4
51 703 13 24.9
52 402 34 30.6
53 1398 33 18.3
54 904 19 8.2
55 1214 59 48.1
56 739 11 95.2
57 988 37 78.4
58 1087 45 7.3
59 8 35 52.6
60 599 27 19.2
61 711 43 67.5
62 101 31 42.4
63 1312 43 85.9
64 269 27 77.4
65 548 49 23.8
66 787 3 94.6
67 998 55 28.5
68 1375 6 12.8
69 811 5 85.8
70 1386 18 20.6
71 1052 36 58.5
72 122 15 49.8
73 158 43 81.1
74 886 26 4.3
75 264 54 13.4
76 34 59 54.8
77 823 22 49.2
78 808 35 82.4
79 1368 46 1.0
80 82 36 18.2
81 1270 7 65.7
82 604 32 1.0
83 607 8 60.3
84 820 28 49.6
85 1128 35 16.2
86 1136 1 71.9
87 72 23 49.3
88 283 42 34.0
89 7 11 75.9
90 201 47 28.8
91 691 33 93.0
92 783 41 68.8
93 573 4 59.9
94 520 28 53.5
95 743 52 86.1
96 1173 25 83.4
97 763 9 24.4
98 1213 13 77.6
99 163 23 20.1
100 798 29 54.4
101 1225 56 27.5
102 171 7 16.2
103 1043 18 38.3
104 360 34 34.8
105 83 40 96.3
106 149 2 26.8
107 1083 16 17.5
108 633 1 63.9
109 894 49 26.7
110 1316 24 24.3
111 602 28 96.2
112 815 31 1.9
113 1422 27 66.8
114 817 50 22.3
115 1191 15 41.5
116 1092 54 18.0
117 323 28 9.4
118 441 25 71.3
119 593 8 98.7
120 1010 26 55.0
121 1248 37 88.9
122 1041 50 89.5
123 569 16 46.8
124 1436 43 35.1
125 1287 36 68.1
126 666 41 41.5
127 936 56 12.8
128 1438 12 30.6
129 433 3 71.0
130 497 12 77.7
131 1111 18 1.6
132 660 35 86.9
133 787 53 58.3
134 1315 14 65.6
135 589 53 17.6
136 790 28 8.8
137 955 7 96.6
138 370 18 92.8
139 364 34 17.3
140 287 4 22.4
141 670 46 27.5
142 1244 26 96.3
143 499 45 60.6
144 577 17 66.5
145 696 23 96.9
146 1152 11 61.2
147 329 40 14.1
148 1197 38 66.3
149 1193 59 27.3
150 609 13 40.1
151 1240 39 18.4
152 72 53 18.5
153 1314 30 83.4
154 652 58 44.9
155 502 54 9.8
156 659 50 98.6
157 472 11 11.0
158 1391 25 82.3
159 671 42 88.2
160 23 31 71.0
161 1433 41 61.5
162 1098 35 51.5
163 1267 54 34.5
164 862 21 34.1
165 1188 17 38.0
166 22 26 54.6
167 634 12 37.9
168 5 51 58.0
169 1215 57 75.6
170 63 38 9.2
171 477 12 78.2
172 703 54 5.8
173 488 37 26.9
174 1235 14 5.5
175 1209 32 3.9
176 689 6 76.6
177 706 51 70.3
178 400 13 46.1
179 246 27 9.9
180 39 37 10.5
181 881 57 79.4
182 1229 30 11.3
183 1315 46 2.7
184 1019 13 97.3
185 183 25 20.2
186 873 39 40.4
187 496 22 77.0
188 1341 37 55.0
