175
1 1150 14 73.0
2 1200 36 13.4
3 505 54 39.4
4 688 58 14.1
5 1038 21 14.1
6 318 35 41.1
7 1054 22 71.0
8 977 19 26.8
9 830 9 75.5
10 882 16 45.0
11 144 4 8.5
12 996 20 37.0
13 260 36 4.6
14 1339 56 52.2
15 363 24 92.7
16 979 20 18.5
17 49 26 66.6
18 568 15 28.4
19 1338 30 80.4
20 1102 58 84.4
21 687 43 26.0
22 544 58 28.8
23 455 35 1.4
24 427 11 91.9
25 1177 9 83.4
26 716 1 30.0
27 540 56 81.3
28 527 26 74.0
29 1102 43 18.6
30 1341 23 60.9
31 899 3 49.7
32 1032 27 22.7
33 37 56 31.7
34 1316 28 52.7
35 1091 41 20.1
36 693 21 31.0
37 429 38 15.8
38 1352 30 39.1
39 854 34 38.7
40 542 28 3.8
41 1178 23 14.9
42 560 7 35.6
43 297 54 4.8
44 771 22 17.3
45 234 25 50.4
46 1289 29 9.3
47 70 36 89.3
48 7 26 1.5
49 716 16 37.1
50 878 2 43.3
51 542 21 36.5
52 923 58 93.4
53 354 34 44.3
54 722 42 66.2
55 1061 34 42.6
56 898 16 78.4
57 1211 6 12.7
58 1152 15 95.4
59 1289 30 48.6
60 252 23 5.3
61 824 51 16.8
62 1266 56 19.7
63 620 14 65.0
64 293 48 62.1
65 280 46 62.7
66 806 30 78.5
67 786 56 45.0
68 554 40 76.1
69 685 26 51.8
70 666 6 51.1
71 822 30 44.9
72 337 58 79.2
73 537 8 69.4
74 804 28 95.1
75 626 42 2.7
76 603 11 75.6
77 431 36 15.4
78 506 27 95.4
79 58 26 30.8
80 393 19 1.8
81 1240 18 72.5
82 1097 4 17.2
83 1275 27 53.9
84 1146 34 91.4
85 25 52 46.3
86 670 16 61.3
87 867 30 51.9
88 459 15 75.2
89 854 39 3.8
90 882 1 42.3
91 588 7 17.4
92 743 22 61.2
93 1206 53 53.6
94 528 22 48.4
95 779 53 31.7
96 1012 34 81.0
97 833 21 85.8
98 1099 47 58.4
99 996 43 34.9
100 417 47 36.3
101 533 8 1.7
102 853 54 6.5
103 223 33 83.7
104 1266 2 44.0
105 1294 21 95.4
106 321 8 23.2
107 878 41 1.8
108 53 44 54.9
109 193 12 4.9
110 1196 40 56.5
111 1360 20 2.6
112 532 38 92.9
113 487 46 6.3
114 73 8 7.2
115 52 16 52.8
116 587 53 6.8
117 581 50 96.5
118 905 10 75.7
119 252 26 54.4
120 768 58 77.4
121 610 19 77.8
122 626 1 93.9
123 1405 8 93.7
124 52 51 61.6
125 668 4 47.5
126 1369 7 78.4
127 1031 53 11.9
128 1000 8 30.3
129 77 9 83.7
130 382 26 8.5
131 952 57 87.6
132 945 21 91.8
133 225 55 52.1
134 389 57 25.9
135 1103 37 18.5
136 802 53 2.3
137 988 37 26.8
138 918 51 75.5
139 337 15 58.7
140 121 3 32.6
141 217 52 39.8
142 1113 12 64.3
143 639 30 15.6
144 184 55 76.9
145 331 42 12.6
146 1062 29 46.8
147 379 26 82.0
148 542 25 93.9
149 444 3 70.4
150 135 2 1.4
151 820 41 25.2
152 633 19 81.4
153 701 44 3.5
154 1122 17 84.3
155 34 33 84.9
156 495 53 56.3
157 24 35 17.3
158 569 58 3.6
159 1426 53 61.4
160 598 34 7.7
161 1072 18 52.4
162 285 36 35.3
163 1307 17 89.7
164 427 55 57.0
165 25 44 97.1
166 42 14 21.1
167 1249 36 45.6
168 600 14 49.3
169 902 20 90.4
170 869 9 19.7
171 1383 3 82.7
172 575 36 91.9
173 163 53 34.7
174 809 55 75.2
175 48 3 63.2
