163
1 1086 34 64.2
2 74 52 67.4
3 196 33 98.1
4 621 37 38.1
5 480 9 86.7
6 852 12 5.3
7 705 15 25.1
8 778 27 2.8
9 532 14 25.7
10 1042 24 1.9
11 1186 44 34.6
12 1115 53 46.5
13 195 29 59.4
14 335 4 8.8
15 750 26 77.0
16 1244 43 77.9
17 732 22 96.1
18 355 59 1.4
19 74 29 1.6
20 342 54 74.4
21 826 35 72.8
22 287 5 39.6
23 643 37 52.7
24 928 22 44.9
25 76 52 8.2
26 1243 59 50.0
27 1394 2 65.0
28 39 47 57.1
29 1097 21 19.2
30 309 49 16.3
31 103 35 84.2
32 1342 21 93.4
33 432 13 61.6
34 1250 42 13.5
35 1005 31 71.8
36 461 23 28.4
37 45 58 55.2
38 791 4 64.9
39 936 50 6.7
40 757 57 44.3
41 38 8 80.4
42 1116 27 65.8
43 484 50 15.4
44 493 56 16.0
45 58 24 99.4
46 467 3 84.3
47 1232 59 42.8
48 1289 47 25.3
49 629 23 71.1
50 699 42 59.2
51 772 41 97.2
52 9 1 50.8
53 769 23 9.9
54 707 14 31.8
55 279 36 30.4
56 391 22 21.4
57 991 6 61.1
58 1116 36 70.5
59 256 19 50.2
60 1071 16 61.6
61 996 57 3.0
62 497 22 82.9
63 339 54 2.8
64 1287 46 50.5
65 878 42 73.8
66 841 40 93.2
67 638 22 74.3
68 531 20 79.9
69 1002 53 66.2
70 941 26 59.2
71 1306 14 23.2
72 13 58 78.6
73 1416 41 10.6
74 747 27 40.0
75 554 40 24.9
76 81 25 34.9
77 977 18 25.9
78 661 15 45.9
79 1439 10 9.7
80 1413 48 48.0
81 119 31 82.7
82 653 11 92.6
83 1207 58 9.5
84 419 35 72.9
85 7 14 64.0
86 379 54 38.4
87 634 14 99.2
88 709 43 1.0
89 379 51 4.1
90 752 44 83.5
91 850 31 46.2
92 1234 27 20.7
93 1299 57 85.0
94 642 32 77.1
95 1249 42 43.0
96 273 41 54.0
97 387 26 64.0
98 112 43 3.9
99 330 9 91.5
100 900 4 40.6
101 961 26 3.7
102 998 39 52.7
103 528 1 12.5
104 676 2 83.4
105 1430 31 27.7
106 1288 26 81.5
107 143 11 86.0
108 299 47 37.7
109 1383 33 73.9
110 980 59 90.7
111 743 29 48.2
112 223 37 61.6
113 22 26 6.7
114 1276 37 83.0
115 941 54 80.0
116 925 29 81.3
117 1350 5 20.7
118 351 30 83.7
119 1157 49 18.0
120 268 3 93.2
121 402 46 67.3
122 193 13 8.9
123 144 23 13.7
124 1281 56 99.4
125 205 26 98.3
126 692 39 52.3
127 453 53 47.9
128 494 57 56.7
129 958 55 45.6
130 223 34 19.3
131 678 11 41.9
132 1292 5 57.7
133 371 49 84.8
134 1141 24 34.6
135 139 13 41.3
136 856 25 11.5
137 1186 49 31.7
138 212 27 4.9
139 712 8 63.7
140 1161 48 13.0
141 1247 57 91.1
142 877 39 25.9
143 297 49 42.5
144 1150 52 8.6
145 48 10 57.3
146 110 7 13.6
147 1102 41 71.6
148 1002 11 75.4
149 1255 3 8.7
150 1 24 78.8
151 728 58 1.3
152 173 23 10.6
153 1411 41 4.2
154 783 32 75.4
155 748 19 9.8
156 1385 48 59.3
157 1197 10 50.6
158 792 38 59.8
159 421 47 98.3
160 839 49 66.2
161 620 46 33.8
162 677 12 39.4
163 885 10 86.5
