189
1 1222 10 26.7
2 646 36 97.6
3 936 50 95.3
4 639 49 79.1
5 346 12 34.4
6 204 45 87.2
7 963 3 24.0
8 302 37 18.9
9 1109 44 58.8
10 629 41 27.4
11 1214 1 92.7
12 1286 30 28.6
13 605 12 89.6
14 1421 1 55.7
15 912 1 41.3
16 230 22 20.0
17 1309 47 71.3
18 140 6 20.7
19 850 52 23.8
20 391 27 17.1
21 645 28 60.1
22 236 55 72.7
23 1281 37 34.0
24 735 9 58.5
25 246 8 83.9
26 70 47 10.7
27 494 51 36.3
28 247 32 92.9
29 1208 52 14.5
30 424 12 77.1
31 404 58 38.3
32 50 43 8.0
33 1010 5 71.9
34 1183 19 94.7
35 184 47 36.2
36 968 34 83.4
37 841 36 77.3
38 992 18 96.6
39 244 34 93.4
40 1221 31 3.9
41 109 13 69.1
42 837 17 68.3
43 622 42 31.5
44 1212 5 80.8
45 504 18 33.2
46 509 10 85.9
47 31 45 46.7
48 1062 31 91.8
49 788 27 76.6
50 1319 27 31.7
51 498 51 29.1
52 1396 6 21.4
53 519 16 56.0
54 138 55 69.4
55 486 53 78.3
56 360 57 66.8
57 680 46 24.8
58 1350 29 5.5
59 219 26 3.5
60 370 56 93.8
61 759 10 40.6
62 440 2 84.8
63 391 31 47.5
64 1355 13 68.5
65 171 4 27.9
66 907 48 87.0
67 1061 43 99.4
68 380 4 75.5
69 346 13 95.5
70 12 16 71.6
71 585 17 80.1
72 555 47 32.6
73 909 50 29.5
74 234 27 17.0
75 581 10 28.2
76 1007 3 59.1
77 728 55 12.6
78 773 40 86.2
79 382 53 23.2
80 151 7 32.0
81 459 9 18.6
82 845 50 1.8
83 4 55 65.0
84 841 51 72.2
85 580 25 35.6
86 593 50 94.4
87 547 26 52.4
88 1217 4 42.8
89 1073 47 52.3
90 1352 30 85.5
91 1256 36 83.5
92 1343 33 62.6
93 1242 13 27.1
94 21 23 63.6
95 570 8 53.9
96 12 20 31.7
97 1281 35 45.4
98 995 3 69.3
99 464 50 1.9
100 1017 5 88.6
101 661 17 30.3
102 5 7 71.2
103 1349 43 21.7
104 507 58 6.3
105 34 43 1.1
106 457 31 64.9
107 1355 49 36.2
108 1278 23 49.2
109 1253 36 61.5
110 318 26 31.3
111 131 49 12.3
112 573 2 35.8
113 1284 27 71.4
114 349 27 15.3
115 1057 1 12.2
116 730 5 55.1
117 168 54 20.9
118 968 26 28.4
119 260 52 98.9
120 1234 9 82.7
121 1393 22 93.6
122 873 14 70.3
123 1194 24 62.2
124 1235 23 74.1
125 229 56 66.5
126 399 9 16.9
127 545 47 46.0
128 320 57 96.9
129 1036 30 95.5
130 429 19 19.6
131 997 5 4.9
132 1033 44 46.2
133 1086 2 76.8
134 523 49 80.8
135 1436 13 31.1
136 1266 44 33.7
137 160 10 39.3
138 948 13 12.4
139 964 15 59.4
140 1413 39 42.8
141 512 12 59.0
142 844 24 93.9
143 614 52 21.6
144 701 18 85.5
145 1155 8 66.6
146 1239 31 9.4
147 1266 55 10.3
148 703 42 59.3
149 1351 10 57.7
150 1361 36 31.9
151 1430 49 47.1
152 775 15 59.6
153 65 2 52.8
154 911 21 56.1
155 518 49 11.6
156 856 48 69.5
157 264 1 55.5
158 504 38 41.3
159 1372 13 34.8
160 527 41 27.1
161 501 8 93.1
162 463 9 98.0
163 904 27 88.5
164 729 46 4.3
165 506 8 81.9
166 63 29 55.0
167 784 13 7.9
168 165 11 95.7
169 1093 9 59.6
170 731 15 41.6
171 436 15 86.5
172 307 57 44.9
173 390 39 27.2
174 605 11 3.7
175 1392 49 87.2
176 97 36 97.8
177 714 1 57.5
178 167 53 1.7
179 1320 7 36.6
180 67 6 5.8
181 772 12 61.1
182 574 13 23.7
183 298 8 42.5
184 1243 13 7.9
185 655 15 10.5
186 1116 14 29.5
187 1210 50 50.5
188 24 19 88.7
189 1027 46 3.1
