166
1 807 17 26.9
2 1422 51 67.5
3 1028 33 45.0
4 603 52 10.0
5 386 16 17.0
6 472 3 16.8
7 373 47 72.2
8 422 27 3.6
9 603 30 14.4
10 1105 15 4.2
11 936 11 68.8
12 1320 56 44.9
13 1274 49 8.9
14 682 18 38.5
15 712 45 84.5
16 668 7 50.4
17 738 54 91.1
18 1140 35 77.0
19 1384 3 2.2
20 662 18 85.4
21 631 54 21.5
22 946 4 35.1
23 1379 1 41.4
24 400 13 43.0
25 253 11 1.5
26 1330 5 63.2
27 1153 43 34.7
28 1055 2 29.9
29 154 32 35.1
30 1344 25 25.8
31 11 44 67.4
32 1098 19 50.7
33 1153 38 73.0
34 1318 59 98.8
35 323 53 93.6
36 561 6 86.8
37 1018 1 88.2
38 1007 43 21.0
39 1330 51 13.9
40 1360 4 32.6
41 182 43 26.9
42 359 6 91.5
43 863 4 46.6
44 1072 24 76.4
45 451 20 30.5
46 88 15 84.4
47 1116 17 80.8
48 1217 54 74.0
49 1119 41 78.6
50 881 53 98.0
51 281 52 42.4
52 1176 31 98.0
53 1406 8 66.8
54 1136 53 86.2
55 777 7 77.9
56 548 24 55.0
57 160 3 7.2
58 738 42 11.3
59 434 32 96.3
60 402 58 60.2
61 860 16 66.7
62 1114 5 24.3
63 240 44 8.9
64 1408 54 37.0
65 1070 19 45.2
66 803 49 58.8
67 1145 53 28.4
68 118 34 42.3
69 388 9 72.5
70 1073 22 30.5
71 216 1 17.6
72 888 38 75.1
73 641 50 79.9
74 575 43 14.9
75 650 18 36.9
76 299 41 46.5
77 1310 26 24.4
78 1306 9 49.2
79 382 22 64.0
80 1059 4 47.4
81 343 37 52.9
82 179 49 13.3
83 1241 7 83.8
84 959 34 52.9
85 381 4 36.7
86 236 35 49.4
87 1414 7 11.8
88 68 34 52.2
89 643 25 66.2
90 863 4 42.9
91 106 8 79.6
92 89 2 37.0
93 1153 4 80.8
94 42 33 87.1
95 202 59 23.9
96 1071 46 91.0
97 1015 29 80.1
98 1058 43 75.8
99 1153 43 15.6
100 128 21 92.5
101 247 46 38.8
102 1245 36 53.1
103 92 35 41.1
104 505 31 21.7
105 14 35 0.7
106 1119 14 73.7
107 1381 39 35.3
108 1083 43 47.0
109 1222 7 33.5
110 566 32 58.2
111 330 47 82.9
112 831 50 38.4
113 1044 9 58.5
114 893 3 62.9
115 1232 52 79.5
116 1204 51 56.7
117 547 9 12.9
118 902 23 86.0
119 1289 41 15.1
120 1419 31 54.1
121 694 36 19.7
122 887 18 46.2
123 886 5 29.1
124 175 58 19.7
125 416 3 52.0
126 351 54 33.6
127 1201 12 72.9
128 437 50 62.2
129 383 9 70.6
130 67 26 95.8
131 1148 29 12.1
132 1102 31 17.4
133 123 29 73.2
134 963 20 58.0
135 91 16 65.9
136 298 24 66.2
137 576 26 19.4
138 898 38 51.9
139 1103 46 83.7
140 1394 7 51.0
141 1007 44 73.7
142 629 10 1.3
143 1031 34 68.8
144 1153 44 53.9
145 1273 7 35.4
146 380 56 6.9
147 68 13 60.4
148 1386 40 13.1
149 459 46 63.5
150 1060 41 97.5
151 148 12 12.4
152 739 8 16.1
153 610 24 75.3
154 266 13 41.1
155 1200 31 77.6
156 1354 40 91.7
157 393 6 50.5
158 691 39 45.4
159 528 2 72.9
160 786 37 32.6
161 368 52 37.2
162 15 31 97.4
163 529 3 1.3
164 1432 19 71.3
165 1207 6 49.2
166 608 30 20.0
