166
1 941 18 92.1
2 1044 54 88.8
3 1349 2 59.8
4 1355 52 59.0
5 574 38 15.2
6 1420 35 93.6
7 1133 3 35.6
8 295 5 1.1
9 700 29 12.4
10 58 44 26.3
11 1431 5 55.9
12 968 29 70.1
13 71 27 6.9
14 789 44 55.8
15 743 2 89.0
16 872 5 40.1
17 1098 7 41.3
18 356 26 61.1
19 695 47 12.3
20 1417 34 33.1
21 501 46 86.2
22 1370 37 58.2
23 1330 27 20.2
24 694 55 64.8
25 660 11 95.9
26 794 15 85.6
27 1364 20 50.4
28 476 16 65.3
29 935 10 56.0
30 1109 7 88.7
31 1250 40 2.2
32 892 44 36.4
33 1281 48 21.7
34 197 41 59.5
35 767 12 56.1
36 486 17 23.4
37 1084 5 41.9
38 10 12 8.3
39 593 38 59.5
40 281 30 63.3
41 1429 32 54.2
42 750 5 35.0
43 481 42 54.6
44 1100 9 85.3
45 1353 44 53.3
46 1308 57 82.5
47 1426 50 6.6
48 1101 49 56.0
49 99 46 3.1
50 1030 39 5.0
51 1190 46 34.5
52 481 22 18.0
53 994 20 49.6
54 56 11 48.4
55 1346 39 13.1
56 1086 30 44.5
57 729 24 61.2
58 943 18 1.2
59 877 57 28.5
60 744 52 56.4
61 98 31 32.1
62 84 39 47.6
63 1063 33 31.9
64 879 27 1.7
65 754 26 90.9
66 476 14 75.9
67 580 56 61.1
68 785 14 19.9
69 888 36 43.7
70 1187 21 24.8
71 102 36 89.1
72 1364 3 32.5
73 952 55 55.5
74 1358 18 57.5
75 280 56 46.0
76 201 11 57.9
77 1427 24 73.0
78 862 47 41.5
79 909 23 65.2
80 1070 56 66.8
81 905 31 56.8
82 1314 55 1.7
83 305 5 73.2
84 923 18 0.7
85 31 31 28.5
86 911 14 13.3
87 1091 18 40.6
88 305 52 25.0
89 722 6 88.8
90 250 50 72.9
91 897 21 51.8
92 1110 6 39.1
93 980 7 64.2
94 1433 40 84.0
95 895 22 73.3
96 1396 54 2.7
97 538 10 91.9
98 63 3 93.8
99 450 44 93.6
100 658 37 93.3
101 1184 5 80.4
102 329 19 57.2
103 719 57 94.4
104 1339 17 5.3
105 417 57 50.6
106 294 1 7.8
107 1190 42 33.6
108 1314 2 92.4
109 974 47 40.4
110 975 35 13.1
111 920 42 53.8
112 1054 35 7.7
113 98 15 62.9
114 714 31 20.2
115 139 45 90.0
116 185 2 67.6
117 412 41 74.1
118 438 31 86.6
119 514 1 67.6
120 276 12 37.3
121 489 10 23.6
122 1024 49 16.1
123 176 10 50.1
124 1040 42 70.1
125 906 10 44.9
126 972 45 49.8
127 329 26 44.3
128 578 58 81.0
129 1384 41 95.7
130 1085 18 20.1
131 659 39 29.0
132 816 50 84.6
133 1416 49 40.1
134 855 12 34.2
135 572 42 69.5
136 1421 14 68.4
137 1320 39 48.3
138 826 8 47.8
139 828 44 83.6
140 1026 2 4.7
141 864 47 50.6
142 372 24 64.4
143 1073 14 50.5
144 1357 36 94.8
145 459 56 87.3
146 527 4 54.1
147 515 8 23.8
148 289 22 20.6
149 1068 32 55.9
150 611 15 94.3
151 426 7 7.2
152 1031 39 66.2
153 817 32 30.4
154 90 16 85.3
155 134 20 93.8
156 1427 17 19.2
157 372 3 15.8
158 401 4 39.1
159 207 55 29.9
160 366 3 48.8
161 778 57 70.3
162 829 30 23.4
163 1073 14 6.2
164 590 20 25.7
165 1129 21 35.7
166 1157 56 19.6
