171
1 471 22 34.5
2 247 51 43.0
3 717 45 82.9
4 190 5 74.3
5 121 16 27.8
6 576 42 50.7
7 1327 28 59.5
8 942 21 74.4
9 252 36 90.2
10 973 13 15.2
11 1106 1 73.0
12 1341 25 71.7
13 952 11 40.5
14 1047 52 61.4
15 1274 12 48.7
16 530 5 19.6
17 952 58 81.6
18 1318 13 99.0
19 553 32 60.6
20 1017 37 68.1
21 1109 4 79.3
22 780 13 43.8
23 864 37 22.6
24 771 14 14.8
25 748 10 72.2
26 82 23 77.6
27 537 14 73.8
28 1384 8 91.9
29 615 52 79.5
30 860 56 29.4
31 90 33 74.5
32 1247 40 29.5
33 647 18 89.9
34 602 16 53.3
35 723 21 13.1
36 203 49 97.5
37 246 31 15.4
38 607 7 5.6
39 1200 27 68.1
40 157 9 43.8
41 379 48 47.5
42 1405 57 48.2
43 1253 9 14.8
44 340 8 58.6
45 930 36 69.9
46 1347 39 73.7
47 1150 42 61.5
48 651 47 17.1
49 1240 8 47.5
50 1045 3 66.4
51 559 18 17.9
52 549 36 33.0
53 1082 52 77.2
54 794 56 10.9
55 1220 42 42.9
56 721 58 19.6
57 1264 19 52.5
58 309 33 20.3
59 395 53 13.5
60 455 22 70.7
61 14 38 62.0
62 1376 30 11.7
63 110 18 29.5
64 374 20 44.6
65 346 48 37.3
66 469 49 8.2
67 675 18 12.1
68 838 13 10.2
69 421 17 63.8
70 283 18 88.2
71 358 42 78.4
72 1014 40 73.7
73 28 19 19.7
74 1085 16 55.6
75 1080 58 76.1
76 776 29 29.9
77 1197 42 69.2
78 41 48 14.7
79 762 20 14.3
80 1315 46 6.6
81 90 15 23.3
82 1222 25 68.6
83 1078 1 43.2
84 762 5 90.8
85 688 54 60.9
86 1406 50 48.1
87 1299 2 10.1
88 108 53 55.1
89 732 43 24.3
90 688 43 99.2
91 772 8 62.5
92 413 31 97.1
93 1134 10 56.2
94 734 26 17.9
95 349 30 26.8
96 955 48 8.8
97 1133 10 84.0
98 164 42 82.0
99 591 56 0.6
100 31 7 91.3
101 1169 32 31.0
102 743 39 89.2
103 215 27 10.1
104 1071 3 65.9
105 380 45 85.0
106 1139 9 63.7
107 563 24 47.9
108 506 51 12.2
109 624 41 26.9
110 603 30 73.9
111 244 47 92.5
112 107 15 32.5
113 61 17 2.1
114 1396 29 1.6
115 269 52 9.6
116 799 26 23.7
117 592 36 56.6
118 269 5 60.1
119 1115 11 81.5
120 258 20 60.8
121 264 47 18.4
122 983 26 15.6
123 1138 1 73.7
124 687 5 76.7
125 968 39 52.2
126 1335 26 10.2
127 1031 20 52.6
128 1043 21 67.9
129 572 37 88.0
130 23 26 47.2
131 227 34 15.0
132 1115 21 82.7
133 1419 22 13.5
134 186 58 50.5
135 725 58 73.6
136 559 59 98.5
137 810 12 38.8
138 20 24 11.0
139 931 54 35.7
140 1308 59 78.7
141 569 21 66.0
142 1078 1 23.3
143 758 10 18.8
144 605 55 8.1
145 1128 51 97.8
146 174 49 81.7
147 799 12 80.0
148 813 5 26.5
149 1044 30 66.6
150 73 42 30.9
151 486 55 61.0
152 644 29 45.6
153 1033 14 88.6
154 165 43 27.0
155 892 15 46.4
156 232 29 27.3
157 109 14 2.8
158 176 30 57.1
159 863 29 93.6
160 360 22 33.7
161 925 8 48.4
162 545 7 23.5
163 912 19 56.7
164 1268 5 84.3
165 265 39 32.2
166 794 31 21.3
167 104 3 37.0
168 1335 7 84.4
169 1431 12 36.0
170 703 29 85.0
171 1057 19 26.2
