195
1 1009 23 93.6
2 1109 24 7.8
3 396 55 12.4
4 206 2 71.0
5 1252 32 11.1
6 1147 23 35.1
7 1275 19 5.4
8 645 46 55.0
9 1340 26 41.7
10 1141 3 99.4
11 893 34 85.1
12 709 4 19.7
13 812 51 80.3
14 1180 7 82.0
15 283 52 97.7
16 247 7 18.4
17 930 28 30.3
18 591 58 70.7
19 906 52 74.5
20 736 49 85.4
21 1105 11 12.8
22 541 46 3.0
23 16 53 61.9
24 1260 21 75.0
25 332 34 85.0
26 865 52 44.1
27 877 4 63.5
28 1131 8 52.3
29 1419 50 65.5
30 365 51 61.6
31 1045 57 81.7
32 949 32 0.8
33 171 37 51.5
34 1224 31 75.8
35 1194 34 34.7
36 363 3 36.3
37 358 19 20.4
38 1433 15 77.3
39 472 4 49.2
40 141 37 4.7
41 1205 12 99.1
42 1070 49 48.4
43 662 53 63.1
44 922 12 73.3
45 748 51 94.0
46 1174 22 98.9
47 1385 47 58.2
48 940 11 1.6
49 1210 54 58.5
50 877 46 79.6
51 154 45 88.7
52 1414 39 33.5
53 1006 3 21.1
54 222 17 79.6
55 1025 32 10.8
56 1190 25 30.6
57 319 29 25.6
58 1229 48 97.4
59 35 57 18.9
60 560 36 48.0
61 450 58 89.8
62 707 51 47.9
63 1066 58 2.4
64 1135 23 12.6
65 1269 49 66.5
66 217 49 55.0
67 430 46 25.2
68 35 30 4.1
69 311 19 98.2
70 1152 43 7.8
71 1117 9 72.3
72 856 1 11.9
73 249 35 13.8
74 864 1 74.2
75 288 42 27.2
76 536 38 31.4
77 1324 55 28.4
78 1284 2 71.4
79 1365 10 13.2
80 729 29 51.1
81 228 45 24.1
82 1087 8 82.1
83 286 30 93.6
84 1044 33 24.9
85 311 33 15.5
86 1276 28 33.3
87 960 58 92.4
88 647 31 57.5
89 790 19 60.3
90 673 41 98.9
91 192 47 65.4
92 751 21 67.7
93 568 19 75.0
94 1170 31 86.8
95 406 23 41.6
96 433 11 8.4
97 48 3 46.8
98 81 16 3.4
99 217 6 64.0
100 500 15 37.1
101 468 29 89.4
102 280 39 93.8
103 522 55 7.8
104 114 18 63.6
105 743 13 39.2
106 638 45 30.3
107 429 52 76.3
108 544 9 49.9
109 240 1 18.8
110 1084 31 99.3
111 275 38 8.0
112 143 37 58.7
113 730 23 64.8
114 1407 36 69.5
115 927 51 9.9
116 581 56 95.6
117 681 21 58.5
118 28 22 61.6
119 441 10 63.4
120 1301 20 49.8
121 520 49 44.6
122 855 34 81.8
123 1218 12 39.6
124 434 15 96.2
125 177 28 25.3
126 240 58 50.1
127 616 9 18.6
128 1328 40 73.5
129 910 35 45.6
130 1220 24 85.2
131 1210 27 48.8
132 135 40 23.7
133 970 43 42.1
134 847 4 51.8
135 1437 33 16.2
136 369 39 97.8
137 527 17 49.8
138 530 21 10.5
139 247 28 14.6
140 448 20 37.6
141 1139 42 83.1
142 753 35 38.2
143 694 44 40.2
144 959 47 38.0
145 1298 53 23.2
146 674 25 51.2
147 1133 54 68.2
148 1196 37 96.9
149 288 34 1.6
150 52 50 21.8
151 1173 25 95.4
152 1117 45 18.5
153 500 7 50.1
154 980 22 17.2
155 821 17 35.8
156 1220 56 85.1
157 926 49 81.2
158 1259 40 19.1
159 581 30 33.1
160 1376 9 80.6
161 108 1 98.8
162 1419 52 2.1
163 903 20 91.0
164 125 28 52.4
165 862 56 78.1
166 405 55 99.0
167 569 54 70.8
168 1214 30 81.0
169 114 16 99.2
170 1345 20 58.1
171 760 48 0.9
172 1262 54 57.6
173 1102 19 96.0
174 1149 5 41.0
175 958 34 82.9
176 492 58 24.2
177 1324 26 82.2
178 1137 21 93.4
179 207 15 28.3
180 1181 55 84.5
181 821 18 54.3
182 255 4 97.8
183 835 30 19.9
184 107 51 73.5
185 1394 8 26.6
186 1045 46 45.5
187 481 45 78.2
188 807 57 69.6
189 13 34 23.3
190 940 39 2.4
191 1006 14 70.7
192 49 7 33.9
193 1002 48 55.7
194 405 12 33.5
195 81 35 11.8
