190
1 46 41 80.5
2 1193 38 72.1
3 434 12 33.3
4 580 1 75.7
5 818 31 41.1
6 151 29 89.9
7 1183 58 1.3
8 1302 42 10.5
9 358 40 75.8
10 608 2 40.0
11 1080 42 66.5
12 749 59 85.3
13 1279 1 16.3
14 384 16 97.9
15 1315 3 4.7
16 1246 41 1.1
17 1309 7 17.0
18 1056 9 67.5
19 203 40 40.1
20 169 9 76.1
21 1048 59 90.9
22 245 11 59.3
23 898 26 1.8
24 1052 24 63.2
25 81 44 44.5
26 1235 10 71.5
27 1147 8 54.2
28 118 14 2.5
29 664 1 13.6
30 1294 19 29.2
31 1256 39 12.7
32 921 45 61.1
33 732 16 96.8
34 726 48 66.7
35 1256 45 79.0
36 417 1 95.5
37 1324 46 41.4
38 1281 22 1.7
39 415 23 94.5
40 1299 34 10.1
41 650 43 83.7
42 1185 40 83.7
43 1183 22 46.3
44 85 36 18.7
45 197 56 46.8
46 961 9 54.7
47 134 43 72.5
48 1254 13 48.9
49 935 50 55.4
50 251 31 41.3
51 408 34 13.5
52 584 23 7.7
53 910 48 25.7
54 678 9 30.8
55 851 55 53.7
56 62 3 95.6
57 630 56 35.9
58 964 37 25.1
59 393 35 32.3
60 1100 8 66.3
61 686 50 18.0
62 543 20 50.4
63 1357 21 58.3
64 319 26 78.6
65 1387 5 89.8
66 858 13 38.8
67 754 27 63.1
68 1130 43 60.3
69 612 13 73.5
70 131 13 79.2
71 1064 50 63.7
72 1009 48 97.8
73 281 52 73.7
74 812 45 50.1
75 448 19 54.8
76 1315 25 91.7
77 392 38 46.0
78 1026 40 60.9
79 1149 1 71.6
80 657 42 96.3
81 778 32 68.7
82 846 16 75.5
83 1283 4 85.5
84 335 52 25.7
85 580 5 76.8
86 567 4 97.8
87 1225 8 62.3
88 575 47 97.6
89 1412 8 17.7
90 459 43 43.0
91 605 33 29.6
92 174 17 55.8
93 191 30 93.6
94 448 53 72.4
95 679 56 5.7
96 817 42 92.3
97 852 27 6.7
98 502 46 9.1
99 785 32 94.6
100 307 24 42.8
101 1336 50 13.5
102 55 15 19.2
103 247 39 45.6
104 293 42 19.0
105 710 15 17.2
106 1221 54 91.7
107 653 54 19.8
108 1266 57 40.3
109 673 11 31.5
110 776 30 95.3
111 134 33 19.6
112 118 32 79.1
113 1055 44 8.6
114 767 15 15.5
115 506 41 67.0
116 269 51 51.3
117 1171 2 92.5
118 989 47 85.2
119 273 11 39.3
120 1351 38 54.2
121 397 44 8.1
122 578 30 45.7
123 583 37 30.4
124 91 44 55.0
125 816 7 38.8
126 1338 18 35.2
127 580 19 96.8
128 796 1 75.1
129 1196 44 31.5
130 918 20 50.5
131 586 14 5.8
132 617 54 50.7
133 1263 7 77.0
134 405 5 62.2
135 671 10 70.0
136 661 11 85.5
137 198 20 58.9
138 497 14 94.0
139 858 48 81.6
140 1354 30 11.8
141 708 48 92.2
142 436 25 34.8
143 419 22 96.9
144 1381 29 22.6
145 458 33 12.0
146 666 14 32.6
147 261 52 4.4
148 1091 35 95.9
149 1340 56 82.0
150 77 59 70.8
151 540 26 42.0
152 836 48 21.9
153 730 23 22.1
154 999 52 58.6
155 1187 24 78.8
156 282 7 17.6
157 912 56 16.8
158 322 45 59.3
159 789 37 92.1
160 737 19 79.9
161 1112 34 52.9
162 455 26 12.3
163 905 14 86.9
164 905 55 14.3
165 209 1 72.0
166 1344 50 47.0
167 473 26 85.6
168 1343 51 98.6
169 299 49 5.2
170 276 57 25.6
171 1326 6 26.9
172 536 47 85.4
173 1117 6 23.9
174 785 33 2.2
175 969 9 46.9
176 1347 48 96.2
177 106 44 12.7
178 479 25 72.6
179 236 30 4.6
180 939 49 87.3
181 205 57 51.9
182 252 14 6.1
183 1181 34 14.2
184 163 43 43.9
185 816 49 99.0
186 1229 50 98.0
187 747 11 12.8
188 1114 36 82.5
189 852 49 72.9
190 811 41 91.6
