160
1 1331 34 21.7
2 1420 17 67.7
3 747 16 36.7
4 1162 24 98.8
5 1343 33 91.2
6 441 28 35.0
7 125 7 0.7
8 1320 30 39.1
9 569 47 81.8
10 958 25 94.6
11 547 8 2.5
12 237 41 18.7
13 1003 13 81.7
14 1276 9 84.3
15 827 21 11.7
16 1219 21 96.4
17 460 13 19.0
18 1022 17 59.0
19 63 49 73.1
20 759 38 63.4
21 888 33 21.9
22 348 25 67.8
23 126 47 52.2
24 321 43 38.3
25 1149 3 33.5
26 1075 8 5.8
27 1281 28 2.9
28 98 5 41.0
29 1187 15 97.9
30 42 35 7.5
31 1427 47 26.1
32 1 13 24.3
33 1433 9 96.1
34 965 54 32.6
35 1274 29 76.4
36 299 36 50.2
37 1269 40 56.4
38 293 4 77.5
39 231 34 71.0
40 487 38 34.0
41 840 16 3.1
42 930 14 15.8
43 742 24 2.7
44 1026 4 34.0
45 1035 41 12.5
46 153 41 54.8
47 469 46 16.9
48 797 6 93.9
49 247 5 59.8
50 997 30 65.5
51 439 13 34.8
52 1238 2 2.8
53 325 30 94.7
54 544 14 73.7
55 987 8 43.5
56 614 43 88.4
57 329 6 36.8
58 203 32 80.6
59 301 29 40.3
60 908 16 2.9
61 931 59 87.3
62 1085 17 36.6
63 888 7 4.0
64 84 12 68.0
65 684 53 12.9
66 638 57 8.8
67 1180 49 91.3
68 144 59 63.9
69 1202 17 12.3
70 49 16 51.4
71 712 21 94.7
72 1352 26 20.9
73 1026 46 8.7
74 1221 9 99.0
75 1432 35 16.6
76 343 33 76.2
77 803 58 40.7
78 757 54 51.3
79 554 25 51.9
80 1161 7 41.4
81 1197 6 1.3
82 642 6 84.3
83 523 54 7.0
84 914 32 58.7
85 557 40 28.9
86 1035 41 17.1
87 499 56 83.1
88 368 33 49.4
89 365 27 37.0
90 1367 53 40.6
91 284 23 33.3
92 216 24 95.8
93 683 22 70.9
94 68 30 29.4
95 778 32 85.3
96 1156 11 78.0
97 247 48 80.7
98 1408 56 98.0
99 672 36 22.6
100 256 50 74.0
101 1052 3 37.2
102 1354 5 36.6
103 955 35 5.8
104 1419 16 23.6
105 844 42 94.5
106 869 39 95.6
107 403 48 78.9
108 338 38 46.8
109 1284 22 99.1
110 1233 15 9.2
111 416 26 51.9
112 1248 28 8.6
113 764 36 91.2
114 199 34 38.8
115 808 8 96.5
116 954 33 12.1
117 1240 34 67.7
118 1408 26 0.6
119 758 55 47.3
120 580 47 46.6
121 1150 58 72.7
122 774 34 59.8
123 159 54 20.4
124 970 5 11.6
125 14 53 66.5
126 11 18 63.8
127 432 20 50.6
128 1240 30 51.6
129 275 55 60.4
130 1119 50 70.2
131 529 1 96.2
132 1355 47 16.0
133 626 5 17.8
134 1087 59 62.5
135 110 53 87.2
136 545 18 88.1
137 1435 52 83.1
138 139 31 92.1
139 1125 58 58.3
140 68 7 79.2
141 1277 58 47.0
142 297 50 14.4
143 578 36 67.8
144 454 57 16.3
145 1096 46 6.8
146 379 46 80.7
147 82 12 71.4
148 767 9 11.8
149 418 58 49.7
150 470 51 98.9
151 1311 50 7.2
152 788 20 45.7
153 77 9 28.2
154 874 49 39.2
155 576 59 51.3
156 138 15 16.4
157 251 57 52.7
158 1183 15 5.7
159 759 15 18.5
160 1132 22 70.4
