166
1 298 29 47.9
2 138 54 71.0
3 667 4 37.7
4 1366 29 97.8
5 601 40 41.1
6 722 43 79.4
7 1339 8 74.2
8 1047 11 59.9
9 818 12 10.7
10 295 15 47.9
11 1391 26 22.2
12 1370 8 84.3
13 192 39 73.4
14 293 43 75.1
15 1021 51 61.6
16 359 31 97.9
17 465 46 87.4
18 1051 56 26.1
19 336 15 20.9
20 371 25 19.1
21 145 35 82.2
22 91 21 67.0
23 514 26 81.3
24 762 15 12.8
25 1166 51 45.6
26 110 4 79.3
27 433 46 78.2
28 1138 15 35.7
29 130 31 82.0
30 692 8 61.1
31 1083 20 54.0
32 1400 33 41.1
33 1099 11 64.0
34 84 58 76.2
35 46 35 82.5
36 1013 36 83.0
37 452 5 77.0
38 401 24 1.1
39 734 27 8.3
40 1260 26 75.8
41 372 50 73.0
42 593 38 81.7
43 1439 24 95.6
44 290 46 61.2
45 1179 53 55.5
46 770 21 22.1
47 192 48 41.2
48 1380 59 46.9
49 376 23 87.0
50 1251 50 67.0
51 745 5 91.0
52 999 37 44.5
53 373 28 67.0
54 210 46 96.6
55 769 13 91.1
56 1194 43 34.9
57 975 48 79.4
58 1098 9 46.3
59 1285 21 59.6
60 705 37 21.8
61 1083 1 77.8
62 1273 41 50.7
63 524 30 88.5
64 894 2 64.1
65 1397 22 50.9
66 109 24 80.0
67 410 3 24.4
68 1244 12 42.9
69 1279 32 79.7
70 877 6 66.5
71 576 42 27.8
72 157 41 32.6
73 317 13 97.4
74 780 12 54.7
75 1068 51 1.4
76 812 50 22.3
77 1134 55 61.7
78 1221 59 33.2
79 769 6 59.1
80 278 2 79.4
81 467 23 23.6
82 603 40 25.7
83 1248 43 63.7
84 267 10 90.1
85 1154 44 3.6
86 1144 48 44.8
87 1421 35 51.7
88 781 44 75.9
89 276 30 10.0
90 1389 27 73.2
91 482 17 62.7
92 436 1 64.2
93 258 52 78.9
94 1147 56 80.2
95 544 28 23.1
96 824 4 94.0
97 586 36 73.2
98 616 56 10.8
99 896 48 33.3
100 969 47 63.3
101 966 21 33.5
102 276 30 11.6
103 1113 25 22.8
104 431 13 20.3
105 1026 33 76.4
106 933 18 31.1
107 216 10 46.2
108 1203 1 50.6
109 396 2 52.5
110 23 9 36.7
111 738 4 14.2
112 876 3 61.9
113 703 49 81.3
114 368 34 60.7
115 964 59 85.5
116 361 43 14.1
117 287 35 68.6
118 622 1 5.7
119 461 32 13.5
120 1033 27 27.5
121 54 12 37.1
122 244 47 7.8
123 1322 44 15.3
124 434 58 85.1
125 411 25 23.9
126 926 38 77.1
127 229 52 89.6
128 879 5 66.6
129 1074 34 73.0
130 517 22 1.9
131 119 21 91.2
132 28 34 14.1
133 1352 26 94.6
134 886 36 64.5
135 352 22 61.1
136 1004 1 70.2
137 640 23 26.7
138 400 35 33.1
139 725 41 65.0
140 382 4 53.3
141 778 39 92.3
142 118 28 87.5
143 433 7 64.7
144 553 41 87.9
145 486 20 81.8
146 1070 50 78.7
147 1066 16 65.0
148 17 34 45.6
149 996 5 96.1
150 448 1 47.1
151 220 2 30.7
152 594 9 69.1
153 952 9 11.7
154 1406 24 42.5
155 675 14 49.0
156 1123 41 5.6
157 354 47 97.6
158 119 30 93.3
159 844 43 83.5
160 608 13 38.4
161 1113 6 38.4
162 295 25 89.8
163 567 40 53.9
164 1185 23 29.0
165 473 31 60.2
166 302 22 25.6
