177
1 493 48 76.7
2 1070 38 1.2
3 1404 9 20.7
4 531 47 82.5
5 776 44 67.1
6 826 48 22.2
7 656 39 37.5
8 405 20 73.3
9 806 50 69.0
10 635 11 82.8
11 713 42 98.8
12 1292 13 1.0
13 1378 11 20.8
14 208 32 70.1
15 427 22 37.9
16 1023 36 34.3
17 8 53 9.5
18 991 57 58.4
19 1158 51 55.3
20 759 44 62.6
21 978 16 27.1
22 1117 39 90.2
23 1389 32 21.4
24 69 54 90.6
25 160 3 86.0
26 1165 29 58.8
27 978 12 92.4
28 426 19 51.0
29 656 7 35.9
30 732 55 53.5
31 965 31 74.0
32 984 23 86.4
33 798 4 6.7
34 1408 3 48.0
35 376 58 50.7
36 1411 17 9.7
37 1332 15 4.1
38 842 28 30.2
39 623 56 85.4
40 1188 39 42.2
41 1248 20 89.7
42 845 24 6.6
43 596 55 51.7
44 336 43 39.3
45 1226 59 85.4
46 217 6 11.1
47 551 18 38.9
48 633 44 65.0
49 239 15 81.8
50 1324 15 81.5
51 839 56 32.2
52 1057 10 20.5
53 607 40 38.8
54 1303 27 63.3
55 739 24 73.6
56 465 42 10.5
57 1188 44 14.5
58 133 55 98.3
59 21 13 8.6
60 719 34 26.6
61 1017 10 50.8
62 942 55 51.6
63 121 27 51.6
64 877 48 83.1
65 769 24 95.1
66 672 36 34.8
67 913 10 24.4
68 1361 31 91.9
69 730 28 23.6
70 1331 39 10.2
71 1103 57 6.1
72 804 25 24.2
73 1319 19 94.0
74 121 15 19.5
75 1268 18 41.3
76 1087 45 21.8
77 1053 59 60.2
78 179 10 38.0
79 663 39 63.0
80 1257 11 6.0
81 739 27 53.9
82 1303 18 77.7
83 771 15 60.3
84 770 1 50.3
85 1393 44 19.3
86 1121 39 27.3
87 497 45 14.9
88 1179 23 85.5
89 135 14 5.2
90 281 37 76.8
91 996 34 97.1
92 584 6 88.0
93 1238 4 64.2
94 131 57 10.9
95 242 57 63.9
96 1170 57 15.8
97 231 11 42.1
98 759 47 57.6
99 1348 28 22.3
100 828 29 85.2
101 931 36 75.5
102 1398 52 65.3
103 854 32 44.6
104 1130 55 28.1
105 992 19 57.0
106 899 4 38.9
107 525 50 19.2
108 303 51 60.9
109 188 54 15.2
110 895 30 72.1
111 394 27 42.9
112 799 56 75.4
113 928 34 63.0
114 72 10 97.5
115 1340 16 83.0
116 1061 6 37.5
117 1164 55 70.6
118 659 33 97.1
119 87 57 51.4
120 609 34 0.9
121 1400 39 25.5
122 1321 16 96.9
123 604 1 42.4
124 1338 40 73.4
125 889 43 29.0
126 866 36 10.3
127 651 22 43.2
128 883 40 64.9
129 180 55 75.2
130 1241 25 22.3
131 80 21 90.4
132 414 1 75.1
133 1334 4 86.8
134 660 41 91.7
135 1208 6 92.2
136 1250 47 12.7
137 19 41 21.2
138 525 33 84.5
139 614 49 96.0
140 1261 10 71.8
141 1019 28 38.1
142 650 33 88.9
143 1393 41 46.2
144 644 42 56.4
145 256 32 85.8
146 1235 6 49.1
147 877 22 7.8
148 1198 16 41.8
149 306 34 56.9
150 105 38 36.4
151 1261 44 27.4
152 507 18 42.5
153 1121 27 31.1
154 144 51 6.7
155 797 33 1.6
156 538 48 47.9
157 1089 34 80.4
158 981 35 19.9
159 316 10 10.8
160 1250 41 79.6
161 588 53 92.0
162 68 52 68.2
163 1342 40 3.7
164 814 47 89.5
165 764 38 29.2
166 883 41 96.0
167 862 35 43.1
168 189 33 64.8
169 1387 22 56.6
170 1007 13 67.7
171 23 6 8.5
172 772 7 35.1
173 916 46 96.4
174 1425 26 96.3
175 340 3 80.6
176 18 28 21.5
177 276 53 81.4
