190
1 286 32 56.3
2 186 29 32.2
3 148 54 58.5
4 595 22 41.1
5 699 41 20.9
6 322 28 5.0
7 881 21 26.5
8 29 20 46.0
9 1296 36 56.7
10 86 3 70.9
11 1426 40 13.4
12 1152 31 78.4
13 1011 48 23.3
14 351 13 27.6
15 168 7 89.1
16 371 45 61.4
17 367 3 27.4
18 1286 30 54.2
19 1267 39 4.5
20 796 53 62.3
21 660 44 46.2
22 188 1 8.5
23 1413 20 91.7
24 167 45 50.8
25 691 20 92.1
26 1118 50 72.4
27 535 19 16.0
28 80 16 2.8
29 185 51 59.5
30 19 50 36.2
31 11 47 58.4
32 339 13 32.7
33 246 4 70.4
34 1395 30 59.0
35 161 41 90.9
36 559 37 36.8
37 879 42 59.2
38 748 36 2.3
39 616 12 73.5
40 385 47 63.4
41 588 37 77.5
42 652 40 35.4
43 1384 27 18.2
44 897 58 63.5
45 910 14 17.2
46 87 50 92.3
47 34 8 52.6
48 548 2 12.7
49 1096 55 7.2
50 378 8 16.0
51 726 23 21.8
52 1138 48 16.4
53 228 56 72.5
54 3 11 27.1
55 549 22 76.1
56 1224 59 53.8
57 1340 18 92.1
58 70 20 51.9
59 680 52 91.4
60 102 56 9.8
61 905 18 10.6
62 743 30 6.4
63 184 14 89.6
64 1431 19 68.4
65 215 4 35.5
66 759 42 23.1
67 1240 39 56.2
68 1393 21 50.3
69 824 23 14.3
70 1368 48 8.5
71 843 47 41.2
72 108 28 91.1
73 1290 34 87.2
74 537 44 61.8
75 625 17 97.7
76 361 21 34.9
77 948 58 85.9
78 284 7 47.0
79 625 12 54.2
80 523 46 44.6
81 308 18 10.0
82 1412 3 40.2
83 451 39 76.6
84 376 14 37.0
85 1026 46 31.6
86 171 3 56.5
87 1144 27 75.7
88 607 47 6.3
89 854 13 37.4
90 76 21 48.0
91 1420 13 83.9
92 785 59 17.2
93 677 40 69.7
94 112 13 85.0
95 841 25 78.0
96 525 55 48.3
97 189 53 54.2
98 112 26 59.4
99 388 6 34.6
100 208 29 57.3
101 52 28 76.7
102 101 36 48.5
103 927 26 85.9
104 866 16 34.0
105 919 12 62.4
106 1029 23 52.5
107 972 6 78.7
108 288 41 93.3
109 482 59 52.1
110 775 21 87.6
111 956 42 14.9
112 756 37 56.6
113 296 2 16.0
114 528 16 40.5
115 491 53 41.1
116 143 58 0.9
117 181 36 47.7
118 870 33 81.2
119 172 44 56.3
120 877 41 97.8
121 1181 4 36.7
122 1304 14 87.6
123 1421 31 94.7
124 1057 44 16.0
125 430 36 41.2
126 37 11 84.1
127 1032 58 73.1
128 729 3 50.8
129 1028 14 5.0
130 421 53 85.8
131 660 23 20.6
132 1426 26 7.2
133 61 34 11.3
134 1328 21 49.8
135 380 10 86.8
136 825 59 86.0
137 946 51 36.9
138 863 42 60.6
139 1371 22 56.7
140 513 21 57.4
141 311 3 6.2
142 912 55 47.8
143 1205 58 55.6
144 1218 15 28.6
145 341 38 5.4
146 978 37 3.4
147 892 21 45.1
148 707 31 85.7
149 613 8 64.2
150 425 1 63.9
151 248 47 33.0
152 514 55 9.5
153 127 45 6.0
154 211 15 78.1
155 796 40 85.3
156 450 40 31.1
157 837 25 98.5
158 123 25 81.3
159 1058 44 80.5
160 267 47 27.2
161 158 47 94.2
162 840 39 65.2
163 82 17 27.5
164 500 40 31.7
165 1097 42 83.3
166 929 28 30.8
167 122 18 46.9
168 1410 4 98.8
169 377 36 87.2
170 1045 49 59.5
171 1316 2 94.9
172 517 25 92.4
173 412 21 81.7
174 394 9 70.9
175 323 37 66.6
176 1267 2 18.1
177 435 43 49.1
178 185 30 19.4
179 73 54 12.5
180 555 22 56.0
181 126 48 75.2
182 1044 57 17.3
183 698 50 80.0
184 536 7 44.5
185 1317 1 69.7
186 218 40 5.3
187 10 17 83.1
188 914 49 61.1
189 1050 11 42.4
190 1017 16 6.8
