156
1 795 32 21.9
2 1164 6 16.7
3 902 12 54.7
4 640 21 89.9
5 1282 46 5.9
6 71 30 8.4
7 384 47 32.7
8 24 41 9.8
9 1206 13 95.3
10 293 48 96.6
11 1118 37 73.2
12 1266 27 74.2
13 62 53 52.2
14 545 9 17.6
15 1183 32 18.6
16 1415 42 9.1
17 1042 22 26.4
18 99 35 14.2
19 285 33 41.7
20 1253 9 84.4
21 552 48 67.1
22 1181 35 32.4
23 1118 22 9.1
24 765 28 0.9
25 823 56 15.7
26 966 3 88.6
27 25 42 79.9
28 375 8 21.9
29 692 33 97.0
30 553 20 81.1
31 1204 17 91.4
32 720 21 15.7
33 667 39 67.2
34 677 37 88.7
35 1411 58 97.1
36 573 2 60.3
37 1236 31 71.6
38 152 1 45.3
39 1042 59 54.5
40 1265 48 24.9
41 1031 7 91.1
42 858 57 25.1
43 1037 52 29.7
44 64 22 5.1
45 1191 29 87.8
46 1261 59 21.1
47 376 8 21.0
48 97 40 26.7
49 1008 16 49.1
50 377 9 0.7
51 657 32 15.0
52 1278 18 65.4
53 90 28 94.5
54 295 18 47.3
55 609 55 49.3
56 427 57 25.0
57 849 38 54.0
58 1245 49 22.8
59 16 51 60.0
60 1173 40 17.2
61 126 30 13.1
62 715 8 56.7
63 1004 43 71.2
64 1080 30 8.2
65 366 52 81.1
66 527 20 7.5
67 1261 57 98.6
68 30 7 50.4
69 470 35 25.7
70 859 14 98.7
71 931 7 50.1
72 96 24 94.2
73 66 17 92.0
74 684 58 6.7
75 181 29 10.6
76 1334 48 77.1
77 1201 19 31.6
78 641 15 76.5
79 61 5 36.2
80 175 30 13.0
81 1171 54 35.3
82 269 13 18.4
83 1376 59 84.9
84 1084 39 55.3
85 971 29 89.5
86 727 38 70.2
87 320 28 30.0
88 43 53 13.3
89 580 54 65.9
90 40 46 78.6
91 251 46 15.3
92 1360 47 59.2
93 766 4 79.2
94 1177 42 9.9
95 839 15 52.8
96 721 12 55.0
97 1301 13 12.6
98 686 49 32.1
99 462 2 88.2
100 584 2 47.9
101 589 52 21.1
102 376 59 62.2
103 114 19 56.5
104 378 34 70.7
105 178 4 32.6
106 725 28 42.3
107 678 12 18.2
108 719 37 64.6
109 813 25 62.6
110 1170 42 42.9
111 439 54 53.3
112 156 26 61.5
113 369 53 29.2
114 1332 36 48.6
115 238 11 25.1
116 157 38 41.7
117 283 6 87.8
118 249 41 81.0
119 1194 56 49.2
120 1168 36 34.3
121 47 39 17.6
122 195 19 78.2
123 475 34 21.5
124 93 7 24.2
125 497 52 64.0
126 921 15 87.8
127 1119 44 4.9
128 959 49 26.6
129 1168 44 48.1
130 1369 51 31.5
131 875 47 31.3
132 1418 25 52.7
133 553 9 75.7
134 224 26 72.2
135 983 7 56.9
136 781 5 52.5
137 312 19 74.3
138 843 25 76.0
139 797 38 58.9
140 996 48 34.6
141 38 49 25.2
142 847 44 83.9
143 810 43 86.8
144 93 5 88.4
145 1341 27 17.6
146 520 58 77.3
147 1424 29 77.0
148 113 17 29.8
149 1108 31 16.2
150 553 9 51.8
151 665 15 44.6
152 381 41 6.7
153 217 9 92.8
154 950 34 42.9
155 600 43 18.6
156 756 40 8.6
