185
1 1190 20 29.4
2 1202 2 20.5
3 201 16 20.5
4 1080 27 47.8
5 505 59 68.0
6 497 26 9.9
7 1379 9 90.1
8 451 43 39.9
9 532 13 99.1
10 1242 18 32.4
11 1320 20 23.9
12 805 29 68.1
13 1167 43 62.7
14 495 56 88.6
15 1335 33 73.2
16 287 7 11.5
17 768 32 42.8
18 1014 8 7.4
19 770 47 9.9
20 733 45 17.0
21 171 37 52.5
22 1061 4 57.7
23 1405 44 13.1
24 1035 49 5.8
25 1376 19 99.0
26 962 14 90.4
27 257 36 90.6
28 403 15 38.4
29 102 52 8.5
30 472 44 37.7
31 709 20 83.4
32 794 56 4.5
33 974 56 38.4
34 909 23 87.9
35 200 18 1.8
36 1354 17 97.1
37 662 37 92.8
38 266 21 86.6
39 37 24 14.8
40 1023 25 34.1
41 1341 25 68.7
42 1288 1 95.7
43 770 23 26.6
44 37 44 68.5
45 338 7 83.5
46 1223 22 59.6
47 374 18 36.9
48 1270 59 81.8
49 475 24 22.3
50 712 21 58.6
51 242 41 77.6
52 748 36 36.9
53 142 53 88.8
54 947 37 36.5
55 1237 16 13.9
56 989 35 59.7
57 492 14 85.9
58 948 5 63.8
59 263 56 79.3
60 780 50 62.2
61 1325 21 63.5
62 322 24 76.3
63 442 17 30.4
64 1365 7 83.8
65 983 46 85.8
66 1154 33 36.8
67 456 17 48.8
68 652 51 92.5
69 708 43 29.1
70 932 33 98.6
71 52 50 32.2
72 331 21 66.2
73 188 17 70.6
74 1214 35 8.7
75 1160 25 88.8
76 543 4 35.7
77 1180 49 19.5
78 1264 46 21.0
79 51 1 48.5
80 254 9 51.1
81 1247 10 92.3
82 379 52 35.6
83 1250 38 8.7
84 401 27 42.0
85 463 3 84.3
86 144 3 21.6
87 1340 37 86.0
88 227 9 24.5
89 10 16 86.5
90 443 32 67.7
91 1329 11 84.0
92 866 15 24.1
93 528 5 61.3
94 629 51 16.3
95 849 34 19.4
96 1033 54 62.9
97 593 56 91.2
98 1324 33 62.5
99 918 30 82.3
100 1349 58 59.8
101 881 13 8.0
102 318 50 7.2
103 328 1 34.9
104 489 22 55.1
105 1423 28 59.9
106 499 2 92.3
107 1138 45 14.4
108 1371 39 74.5
109 403 32 26.1
110 474 8 11.2
111 522 45 82.3
112 426 39 82.2
113 44 5 45.6
114 584 12 38.5
115 956 15 16.4
116 350 51 74.6
117 978 23 55.7
118 1051 37 33.5
119 377 1 41.6
120 1427 22 26.6
121 481 24 46.8
122 669 51 39.6
123 1200 30 69.7
124 167 36 18.2
125 24 25 8.5
126 352 7 37.4
127 293 10 94.4
128 586 17 48.1
129 685 33 74.7
130 841 40 51.0
131 1207 22 7.4
132 139 51 12.9
133 815 44 31.3
134 1042 36 30.5
135 861 42 67.4
136 1375 28 22.9
137 457 23 81.5
138 370 12 71.8
139 384 32 77.5
140 1432 13 79.6
141 382 16 79.6
142 801 33 32.5
143 144 59 53.1
144 1139 46 35.9
145 795 6 57.7
146 502 32 65.1
147 652 8 35.8
148 460 1 79.6
149 154 20 92.7
150 453 30 30.9
151 1082 25 84.3
152 1058 51 6.5
153 138 8 58.5
154 424 16 9.4
155 1276 34 37.3
156 377 55 78.3
157 832 13 77.7
158 173 7 77.8
159 975 46 92.6
160 1095 21 25.4
161 1250 4 87.4
162 20 29 53.6
163 1124 52 85.5
164 295 40 87.4
165 1159 39 8.8
166 755 31 28.6
167 867 42 13.3
168 957 51 65.3
169 622 3 98.6
170 1321 30 35.6
171 917 40 12.0
172 790 50 89.5
173 1176 15 31.7
174 251 33 30.8
175 100 26 3.1
176 33 31 94.2
177 1344 55 15.4
178 1343 22 22.1
179 847 23 94.3
180 699 56 66.9
181 457 30 93.2
182 921 28 69.0
183 211 25 91.8
184 674 17 60.5
185 5 12 90.2
