192
1 1196 59 31.8
2 803 25 55.8
3 469 29 53.6
4 1162 4 2.8
5 1126 43 85.7
6 121 17 28.6
7 1267 4 45.3
8 890 32 15.5
9 343 59 67.2
10 1157 32 72.7
11 1094 40 15.8
12 494 43 60.7
13 479 33 1.5
14 535 57 98.7
15 825 36 6.3
16 1286 8 78.4
17 232 5 57.7
18 847 10 49.8
19 497 5 97.9
20 670 45 15.3
21 593 32 43.2
22 257 37 41.1
23 55 14 98.6
24 412 51 50.0
25 1366 44 59.7
26 980 58 87.4
27 1295 12 49.9
28 227 3 21.3
29 1363 33 52.0
30 149 27 85.3
31 335 48 31.3
32 1329 44 46.6
33 1362 37 84.3
34 841 46 35.7
35 173 39 81.2
36 834 25 58.3
37 647 44 66.3
38 1059 50 49.7
39 563 38 55.6
40 1215 1 34.7
41 57 23 40.5
42 159 3 55.5
43 701 41 56.6
44 965 39 73.5
45 935 47 91.6
46 1018 29 26.1
47 420 21 28.6
48 641 46 60.1
49 580 37 43.9
50 288 16 17.4
51 36 10 22.8
52 863 58 17.6
53 662 30 67.2
54 879 48 56.5
55 477 18 4.1
56 1210 29 23.5
57 1116 23 20.8
58 327 14 87.2
59 677 20 61.5
60 1311 5 9.5
61 1167 57 77.0
62 1279 41 42.3
63 1293 14 39.5
64 1292 30 88.9
65 575 8 56.0
66 1059 10 40.0
67 592 27 30.4
68 1390 37 25.8
69 968 31 39.1
70 206 20 24.6
71 1254 47 31.9
72 551 59 19.5
73 406 24 54.1
74 711 20 82.9
75 1079 7 74.1
76 113 7 81.0
77 741 6 63.8
78 853 36 1.4
79 504 46 66.8
80 516 36 15.4
81 1257 42 91.2
82 1127 39 73.3
83 1240 46 12.6
84 825 28 96.6
85 1316 53 33.8
86 295 14 66.8
87 1367 49 84.3
88 1175 30 77.8
89 527 18 61.7
90 406 21 82.8
91 1022 44 47.4
92 1183 35 81.8
93 1377 30 65.7
94 503 41 76.5
95 1279 44 5.0
96 1304 47 61.6
97 622 10 53.0
98 598 1 22.1
99 818 29 72.2
100 1402 6 83.7
101 567 1 85.9
102 589 35 47.6
103 997 25 73.2
104 859 29 70.0
105 1191 22 1.8
106 666 40 57.5
107 1187 20 66.8
108 313 42 43.5
109 1075 18 42.9
110 192 45 35.8
111 959 48 95.9
112 870 14 39.5
113 743 8 79.1
114 120 11 30.8
115 525 43 10.5
116 1419 10 15.6
117 1258 5 48.4
118 230 28 53.6
119 28 59 93.7
120 186 46 37.3
121 399 4 23.6
122 1153 17 88.5
123 645 29 47.4
124 839 4 15.9
125 620 41 4.9
126 62 33 67.6
127 822 54 20.2
128 898 25 49.6
129 728 31 79.1
130 42 14 12.2
131 602 48 71.1
132 387 10 34.7
133 1411 37 46.2
134 1156 48 72.1
135 1387 26 14.7
136 129 58 60.7
137 793 22 66.5
138 843 23 67.9
139 275 29 88.5
140 636 57 13.0
141 697 58 69.9
142 936 47 9.7
143 468 49 21.3
144 802 16 1.7
145 931 25 60.2
146 540 48 1.5
147 153 51 26.9
148 360 36 85.3
149 558 12 43.7
150 1142 49 87.2
151 551 47 73.5
152 679 10 7.4
153 413 36 33.6
154 631 6 10.2
155 236 41 3.9
156 105 2 26.7
157 1200 8 30.3
158 84 18 78.3
159 595 2 12.4
160 62 39 60.0
161 811 54 22.5
162 243 7 40.8
163 652 19 94.7
164 682 57 13.1
165 691 20 41.9
166 55 12 9.1
167 1078 55 76.6
168 724 30 3.5
169 1160 25 54.9
170 523 9 33.1
171 150 10 15.2
172 403 58 28.3
173 721 2 10.8
174 709 16 12.5
175 430 7 99.0
176 827 40 22.1
177 1170 58 92.3
178 943 1 14.6
179 452 24 70.2
180 973 3 56.4
181 1298 5 42.2
182 1054 46 33.6
183 773 24 84.0
184 1051 22 56.0
185 891 38 35.2
186 829 10 94.6
187 403 35 30.8
188 1307 43 86.0
189 1277 8 64.0
190 138 5 8.2
191 412 1 4.0
192 715 15 28.5
