166
1 386 26 18.0
2 665 39 21.1
3 499 17 66.4
4 1199 20 8.2
5 375 55 92.2
6 527 4 54.1
7 699 5 91.9
8 510 12 21.3
9 559 54 9.3
10 888 15 32.1
11 145 58 98.8
12 508 36 80.6
13 493 27 25.3
14 106 58 2.0
15 882 50 68.1
16 608 36 89.7
17 1089 45 37.2
18 350 16 96.0
19 822 33 77.4
20 213 8 48.5
21 38 28 49.6
22 963 47 68.0
23 328 37 34.6
24 1363 57 31.6
25 963 59 8.9
26 214 22 12.6
27 1075 14 88.1
28 750 5 4.3
29 924 34 32.5
30 617 3 29.3
31 1239 46 97.3
32 1104 23 4.6
33 1291 32 17.1
34 1417 48 21.8
35 942 55 96.0
36 758 31 40.5
37 946 34 15.6
38 1199 56 33.4
39 47 39 21.9
40 1022 23 54.4
41 1273 24 19.0
42 1305 6 3.6
43 197 19 68.7
44 542 34 90.9
45 460 37 2.9
46 438 12 67.2
47 1390 18 10.5
48 18 53 14.5
49 1430 35 38.4
50 272 31 54.8
51 1356 59 43.9
52 1156 45 19.8
53 1121 40 62.6
54 283 39 71.1
55 606 45 20.8
56 478 21 96.9
57 983 2 41.1
58 677 42 80.5
59 754 17 24.5
60 123 1 86.0
61 57 37 52.8
62 85 10 66.0
63 885 47 13.8
64 468 34 38.3
65 1318 1 74.1
66 514 7 3.3
67 1144 22 63.5
68 1070 40 73.5
69 1419 34 58.1
70 1221 28 47.2
71 257 14 43.1
72 243 59 71.6
73 515 20 18.1
74 613 17 84.1
75 1317 20 49.2
76 592 52 52.9
77 896 57 48.6
78 61 30 25.4
79 871 39 77.4
80 1071 14 14.1
81 1181 48 43.4
82 773 15 97.8
83 396 36 2.8
84 753 30 22.0
85 859 27 77.4
86 1409 5 72.0
87 923 28 96.7
88 781 14 4.8
89 873 27 85.1
90 1172 21 80.7
91 591 47 56.7
92 808 4 16.4
93 261 52 8.0
94 1005 33 41.4
95 973 27 10.9
96 770 55 54.3
97 924 57 58.0
98 699 44 30.8
99 540 19 73.2
100 1439 43 60.9
101 899 24 77.2
102 1404 53 39.6
103 1102 50 53.1
104 310 20 53.9
105 778 20 12.9
106 169 29 82.7
107 1015 31 17.0
108 426 18 51.1
109 487 40 45.4
110 521 25 31.3
111 1333 38 41.6
112 1439 27 71.3
113 978 17 70.3
114 1029 29 57.5
115 1288 40 36.5
116 895 47 86.2
117 736 10 24.0
118 1302 53 47.6
119 1318 37 63.7
120 626 10 88.8
121 536 15 7.9
122 525 35 68.6
123 1302 50 70.9
124 649 27 22.9
125 681 29 46.7
126 1273 34 31.7
127 98 33 32.6
128 395 9 24.0
129 425 24 48.2
130 499 20 57.9
131 865 3 6.9
132 909 3 87.0
133 1059 9 8.3
134 225 8 20.3
135 384 4 57.9
136 437 56 18.5
137 735 6 87.7
138 668 23 7.2
139 1241 55 8.8
140 402 45 3.7
141 127 30 79.7
142 1354 14 17.3
143 299 47 56.2
144 355 34 74.1
145 23 41 2.0
146 966 38 73.9
147 1416 46 86.1
148 1330 17 51.4
149 721 17 65.8
150 337 37 60.2
151 1406 47 54.0
152 670 9 63.6
153 429 26 2.0
154 344 28 73.5
155 90 45 14.7
156 789 53 26.3
157 617 47 73.2
158 29 13 50.8
159 3 10 53.9
160 190 33 69.5
161 977 53 29.9
162 1263 33 53.9
163 657 45 26.7
164 363 27 73.8
165 271 18 33.2
166 818 12 88.4
