194
1 1136 29 8.4
2 503 30 77.5
3 177 51 47.3
4 1109 41 92.6
5 742 44 96.2
6 1154 36 2.9
7 799 25 79.1
8 101 49 93.9
9 867 51 94.2
10 273 34 81.7
11 821 47 95.3
12 664 41 86.4
13 1338 8 33.4
14 841 34 38.8
15 124 9 71.2
16 935 9 42.4
17 872 50 10.5
18 1055 6 59.4
19 105 21 55.9
20 394 45 34.3
21 373 43 62.3
22 683 45 0.6
23 882 59 52.1
24 494 29 55.4
25 547 56 3.8
26 45 58 74.6
27 770 52 42.9
28 176 57 57.0
29 1151 10 43.4
30 1079 12 39.6
31 835 49 10.4
32 625 37 25.5
33 587 35 67.2
34 532 6 81.7
35 1416 14 96.9
36 400 59 52.2
37 1252 42 18.9
38 843 5 75.5
39 1288 24 31.1
40 810 28 44.5
41 158 22 7.6
42 1325 48 48.4
43 546 36 45.8
44 470 44 19.2
45 417 32 31.5
46 244 44 9.2
47 743 31 39.5
48 627 6 37.8
49 1224 49 60.2
50 709 37 88.9
51 43 30 1.4
52 929 44 44.8
53 466 24 11.6
54 477 50 59.3
55 621 5 96.4
56 520 59 61.7
57 288 55 24.9
58 552 14 51.8
59 1259 13 64.5
60 884 11 63.1
61 797 30 11.6
62 1065 2 10.2
63 932 41 40.4
64 1105 50 59.0
65 1175 17 32.1
66 349 34 3.5
67 354 6 50.5
68 173 10 77.7
69 1264 30 87.9
70 350 52 21.8
71 1063 40 94.5
72 1049 39 15.5
73 239 8 32.6
74 1131 20 8.9
75 1287 20 22.4
76 903 30 42.3
77 265 2 15.2
78 957 10 13.6
79 618 32 89.4
80 1178 1 56.0
81 1189 22 88.2
82 882 54 72.8
83 905 33 19.1
84 331 36 19.7
85 1202 16 5.5
86 487 21 59.5
87 584 18 62.7
88 895 49 6.3
89 597 43 4.5
90 773 48 57.5
91 108 45 36.0
92 74 58 20.6
93 888 49 47.9
94 69 32 96.4
95 1391 19 54.8
96 924 52 29.5
97 221 23 64.0
98 47 11 38.1
99 464 36 10.3
100 1014 56 59.2
101 938 29 98.5
102 1310 34 4.1
103 890 10 14.2
104 1284 28 84.4
105 735 51 68.4
106 1342 29 31.1
107 136 59 66.2
108 1096 54 88.0
109 237 19 79.1
110 783 27 79.0
111 1120 52 17.8
112 289 9 33.7
113 130 59 60.1
114 213 33 76.7
115 465 25 81.4
116 966 3 78.8
117 346 25 63.4
118 1262 2 31.8
119 534 53 90.9
120 588 15 80.9
121 13 59 61.2
122 1227 4 79.8
123 95 20 28.3
124 309 26 60.8
125 1328 30 30.0
126 504 49 31.1
127 335 30 59.4
128 115 23 68.0
129 438 54 22.5
130 55 27 69.7
131 1036 13 76.9
132 1213 47 41.1
133 700 38 68.9
134 1131 31 96.2
135 1007 15 7.2
136 389 19 11.9
137 1036 55 1.1
138 1019 59 2.3
139 468 38 7.3
140 714 50 65.1
141 1031 40 61.0
142 1138 35 62.2
143 241 22 76.6
144 797 4 75.8
145 14 31 1.4
146 261 35 8.4
147 1078 20 96.5
148 1147 29 41.5
149 1308 47 81.9
150 125 15 76.8
151 105 43 93.3
152 487 24 25.9
153 682 52 66.8
154 483 38 86.8
155 951 25 67.6
156 336 8 54.5
157 1131 48 10.4
158 91 36 95.1
159 69 28 40.5
160 1349 59 32.8
161 698 44 55.8
162 1225 58 33.6
163 1091 10 54.3
164 1019 16 90.0
165 888 52 73.7
166 88 27 69.8
167 1164 7 64.7
168 203 53 24.8
169 931 43 14.6
170 184 33 68.6
171 120 58 97.8
172 632 38 64.1
173 321 23 91.4
174 1366 3 59.6
175 395 17 99.0
176 539 26 95.9
177 712 36 60.6
178 787 26 71.4
179 465 29 72.7
180 1049 8 25.8
181 436 32 65.2
182 1321 32 66.8
183 1405 27 69.3
184 1074 4 81.5
185 515 39 87.6
186 685 25 51.1
187 378 20 18.8
188 1301 46 29.3
189 146 11 32.5
190 1084 44 14.1
191 1027 54 11.1
192 312 25 71.0
193 243 53 28.3
194 1243 1 40.5
