192
1 876 56 38.2
2 395 48 86.5
3 373 48 96.5
4 720 40 47.2
5 1263 36 2.8
6 1414 47 49.9
7 431 36 52.9
8 501 49 88.6
9 938 39 74.2
10 599 5 55.6
11 206 31 92.2
12 344 18 27.2
13 553 51 70.6
14 1212 24 94.8
15 34 47 32.9
16 281 30 44.0
17 1330 16 0.6
18 503 10 11.2
19 923 25 27.2
20 74 48 16.6
21 1102 55 91.5
22 1086 7 23.3
23 975 49 85.7
24 993 34 15.4
25 315 2 80.7
26 62 24 78.1
27 200 53 11.6
28 1309 21 30.9
29 1088 12 96.8
30 548 35 25.9
31 1235 39 65.1
32 139 34 80.3
33 623 8 46.3
34 212 6 62.7
35 1032 24 62.5
36 415 17 74.0
37 157 11 41.7
38 714 55 49.4
39 646 40 2.7
40 1397 57 62.2
41 802 25 95.1
42 1248 12 11.0
43 1293 1 27.2
44 752 59 77.5
45 837 39 56.5
46 774 49 37.2
47 235 49 96.1
48 195 24 90.8
49 480 31 3.7
50 637 3 95.3
51 511 10 45.8
52 14 9 59.2
53 620 13 59.1
54 454 17 92.8
55 309 52 44.7
56 261 23 22.5
57 1080 20 39.7
58 406 24 9.9
59 1300 54 88.4
60 273 10 90.4
61 206 13 26.1
62 1118 1 72.1
63 555 51 89.8
64 692 28 35.1
65 728 8 3.4
66 1079 1 82.3
67 572 29 17.5
68 52 11 39.0
69 1041 54 22.6
70 3 22 72.5
71 1150 5 89.1
72 442 39 22.6
73 888 41 62.7
74 997 45 98.5
75 684 35 6.2
76 507 13 53.2
77 667 59 21.7
78 1349 10 10.3
79 1284 31 66.1
80 519 15 35.6
81 1000 24 27.9
82 1020 37 47.1
83 573 54 12.0
84 45 3 67.9
85 335 24 91.5
86 675 39 61.8
87 120 58 24.1
88 302 40 8.2
89 1210 5 34.8
90 900 37 53.7
91 374 15 79.6
92 1338 58 10.4
93 555 34 64.2
94 57 28 35.5
95 667 59 73.5
96 780 57 27.2
97 964 26 80.1
98 1064 23 87.4
99 608 23 48.7
100 441 8 25.9
101 1156 30 11.0
102 773 57 85.7
103 98 42 78.6
104 755 37 40.4
105 1066 14 88.4
106 1203 12 68.1
107 255 50 53.4
108 1138 26 73.4
109 1252 9 97.1
110 917 17 62.1
111 1062 4 71.5
112 1129 23 83.0
113 1085 28 27.4
114 1277 47 48.9
115 671 46 42.0
116 1058 24 67.7
117 532 32 42.2
118 90 34 40.8
119 1438 11 28.7
120 690 21 31.4
121 1214 7 64.1
122 223 42 32.4
123 223 55 37.5
124 1383 49 26.5
125 86 22 14.2
126 1029 28 30.3
127 1254 56 36.2
128 816 32 3.9
129 217 14 82.3
130 1426 49 46.6
131 1131 35 84.4
132 1317 38 34.2
133 455 46 31.8
134 1439 5 82.5
135 361 46 6.9
136 1135 49 60.6
137 1138 39 30.3
138 228 9 59.6
139 181 19 24.4
140 200 19 95.0
141 177 10 60.8
142 633 51 0.9
143 1205 55 66.0
144 423 51 22.0
145 698 58 49.4
146 741 20 4.5
147 1151 32 13.2
148 1236 3 74.2
149 446 18 16.4
150 565 21 90.2
151 1113 1 30.7
152 1411 6 14.9
153 1323 57 88.6
154 622 44 4.5
155 877 43 10.9
156 412 11 97.8
157 949 13 67.3
158 576 28 55.0
159 399 3 81.0
160 734 53 56.7
161 1070 59 54.5
162 940 3 77.4
163 1242 41 87.3
164 544 20 98.2
165 1025 23 91.7
166 458 38 70.7
167 1185 50 75.6
168 183 24 81.6
169 31 23 81.2
170 395 19 40.3
171 759 47 87.4
172 269 45 38.0
173 565 57 63.1
174 375 4 40.4
175 187 32 67.1
176 1291 16 76.9
177 645 19 95.7
178 601 24 15.4
179 659 5 19.6
180 1231 37 53.5
181 1153 28 6.5
182 530 24 12.7
183 1288 10 8.0
184 1058 36 46.8
185 1013 49 77.2
186 1370 31 94.0
187 1101 3 90.5
188 963 53 55.6
189 741 31 30.6
190 186 47 44.0
191 1251 1 86.4
192 840 40 54.5
