175
1 1044 17 85.7
2 152 18 11.8
3 232 45 13.7
4 542 23 20.3
5 129 18 92.7
6 1130 56 79.7
7 442 41 48.3
8 896 7 53.7
9 186 45 14.9
10 813 34 70.4
11 1353 6 12.9
12 1220 42 44.1
13 467 11 66.6
14 411 20 54.4
15 1039 17 34.6
16 145 44 62.2
17 934 47 43.5
18 1128 40 99.0
19 1402 9 65.4
20 867 34 75.3
21 728 5 35.1
22 734 12 66.0
23 1139 2 77.1
24 657 51 17.7
25 703 45 95.7
26 1163 8 68.4
27 381 9 84.7
28 844 50 21.1
29 1169 3 31.7
30 742 24 80.3
31 1121 58 68.5
32 842 8 78.2
33 1085 18 7.5
34 1236 27 60.8
35 1309 17 75.4
36 521 48 51.4
37 757 59 47.5
38 961 50 68.2
39 1112 44 64.7
40 476 45 50.8
41 823 44 89.3
42 236 8 73.3
43 900 46 44.2
44 142 50 95.2
45 826 12 55.5
46 749 4 83.1
47 304 7 84.7
48 1176 47 9.8
49 269 29 24.4
50 949 39 21.8
51 279 26 52.8
52 1329 4 4.6
53 468 45 10.6
54 61 32 9.2
55 784 23 84.8
56 1170 50 13.4
57 205 54 74.2
58 449 56 24.5
59 952 20 57.6
60 1009 16 72.8
61 896 20 44.6
62 471 12 51.3
63 1330 29 24.3
64 437 8 26.2
65 156 58 29.5
66 639 50 5.3
67 1111 22 12.8
68 728 52 34.1
69 34 42 68.3
70 1418 7 80.4
71 1334 7 69.9
72 1076 20 78.1
73 526 32 44.7
74 1086 13 87.5
75 347 7 10.2
76 1331 52 54.5
77 836 39 50.5
78 169 37 75.7
79 399 28 68.1
80 904 8 69.5
81 495 9 50.6
82 936 9 88.0
83 1257 40 65.0
84 539 32 92.8
85 866 36 78.3
86 535 28 93.3
87 1375 22 23.7
88 976 2 31.9
89 1404 52 82.9
90 827 40 30.6
91 1296 24 50.6
92 272 12 58.3
93 1124 50 62.2
94 846 53 59.8
95 980 56 47.5
96 876 20 0.9
97 1306 57 69.0
98 512 10 17.1
99 309 42 90.4
100 771 28 20.4
101 975 40 73.6
102 1088 33 1.5
103 1100 50 94.3
104 1371 36 12.6
105 1362 35 45.1
106 966 57 30.5
107 761 14 77.5
108 13 5 5.8
109 1171 19 53.9
110 540 49 15.5
111 189 32 22.5
112 468 32 12.6
113 1108 29 63.9
114 1358 22 67.1
115 1164 23 5.7
116 929 22 87.0
117 732 21 9.2
118 125 21 74.2
119 91 58 4.0
120 170 2 69.8
121 1298 48 85.1
122 575 38 19.7
123 98 24 75.3
124 800 35 99.1
125 290 2 72.7
126 769 28 9.9
127 789 5 68.6
128 1368 12 2.0
129 1070 4 53.4
130 1348 5 13.8
131 1327 27 38.0
132 1366 40 16.6
133 114 47 1.3
134 4 35 52.0
135 1299 36 58.7
136 313 7 95.5
137 1228 49 99.0
138 1334 48 53.8
139 635 30 85.6
140 1213 13 66.1
141 1379 35 80.0
142 938 11 12.8
143 189 39 8.1
144 292 3 17.7
145 1344 4 14.8
146 892 41 78.0
147 271 20 35.0
148 512 49 9.9
149 916 25 74.1
150 1218 55 82.1
151 972 37 96.1
152 808 47 41.7
153 238 52 96.3
154 777 11 50.1
155 137 18 60.5
156 559 56 26.4
157 1408 12 87.1
158 369 2 70.3
159 1173 50 63.1
160 680 8 57.8
161 899 43 34.2
162 183 56 6.8
163 433 16 46.4
164 290 7 63.1
165 1075 47 51.2
166 331 52 45.2
167 106 13 99.0
168 235 7 94.7
169 662 25 81.1
170 135 45 17.2
171 1082 55 21.9
172 1083 51 17.3
173 56 59 43.3
174 810 41 62.7
175 1030 33 19.7
