199
1 1029 25 21.6
2 1383 51 82.5
3 1241 22 3.2
4 533 55 66.7
5 1187 53 90.8
6 657 48 62.0
7 639 20 49.0
8 380 49 81.2
9 666 27 49.6
10 616 11 75.9
11 1198 24 70.7
12 181 20 14.7
13 1263 36 20.7
14 642 38 58.4
15 570 28 89.4
16 1180 17 5.1
17 340 15 23.1
18 1427 55 26.7
19 84 19 61.4
20 432 45 25.9
21 1419 19 0.6
22 696 7 6.8
23 525 19 5.7
24 941 4 94.6
25 912 36 97.4
26 3 13 64.1
27 240 7 78.3
28 1023 58 66.6
29 93 42 52.4
30 1192 10 16.6
31 702 54 46.1
32 191 13 44.8
33 955 54 1.9
34 955 43 37.6
35 171 55 40.6
36 221 3 11.3
37 1385 24 64.5
38 496 37 39.8
39 204 20 82.3
40 1016 38 88.9
41 738 54 39.0
42 1077 6 71.4
43 504 52 41.3
44 131 34 7.9
45 1063 18 30.7
46 890 37 68.6
47 470 31 1.7
48 935 20 44.2
49 109 22 83.5
50 1061 55 9.5
51 1190 41 83.7
52 190 48 86.8
53 142 32 99.1
54 723 25 33.6
55 1190 54 20.9
56 984 39 70.7
57 1007 55 28.1
58 1437 1 66.4
59 2 30 49.6
60 820 55 29.0
61 1005 14 60.8
62 355 48 60.8
63 756 3 94.2
64 408 8 55.8
65 991 5 1.1
66 813 15 0.8
67 1186 31 16.8
68 819 5 23.5
69 279 5 70.3
70 356 2 55.5
71 165 21 3.7
72 1088 29 97.2
73 1174 14 27.1
74 1021 13 71.9
75 1247 39 94.4
76 888 2 31.6
77 521 3 54.2
78 844 39 82.4
79 290 32 8.5
80 114 44 62.3
81 984 10 79.0
82 881 16 16.3
83 117 2 78.1
84 308 58 89.0
85 1143 56 79.2
86 215 56 22.1
87 1021 13 61.7
88 609 14 55.5
89 433 42 86.7
90 843 21 87.6
91 247 49 60.4
92 1227 23 43.7
93 826 29 50.2
94 1004 54 57.3
95 116 33 91.5
96 371 9 5.3
97 1272 12 60.9
98 225 7 83.6
99 31 17 23.7
100 1132 57 40.3
101 619 21 57.3
102 1304 24 53.5
103 291 1 24.7
104 111 26 75.9
105 911 38 97.1
106 1087 16 29.2
107 1184 7 39.2
108 790 48 12.6
109 544 10 30.8
110 994 16 86.4
111 1172 34 71.1
112 306 46 59.2
113 289 21 27.2
114 416 23 49.8
115 164 28 5.2
116 882 15 75.2
117 790 52 39.8
118 1171 24 30.9
119 1204 37 37.2
120 1334 9 55.1
121 725 37 97.2
122 701 7 93.9
123 1309 36 17.9
124 1155 25 87.3
125 1005 58 23.9
126 1105 27 78.2
127 816 49 17.6
128 441 12 71.9
129 94 19 11.1
130 236 1 34.7
131 467 21 96.8
132 267 20 58.0
133 1167 30 19.2
134 1277 43 5.3
135 1240 36 56.0
136 1083 42 67.8
137 822 54 84.5
138 799 45 89.3
139 921 36 77.7
140 590 25 33.6
141 110 27 15.0
142 477 51 70.4
143 631 11 71.9
144 1046 21 90.7
145 172 20 75.3
146 1175 11 93.3
147 1018 37 47.7
148 726 53 93.3
149 731 50 67.4
150 1124 11 67.4
151 972 17 9.9
152 288 10 8.5
153 535 51 41.1
154 745 33 84.8
155 274 58 89.2
156 70 21 42.2
157 879 28 65.3
158 153 8 85.8
159 821 13 24.1
160 646 16 87.3
161 133 55 50.6
162 15 47 15.8
163 1041 6 75.3
164 39 23 85.9
165 140 11 83.3
166 904 43 65.1
167 649 29 52.2
168 1067 31 83.2
169 524 36 94.9
170 767 31 26.7
171 558 41 79.8
172 1123 10 13.8
173 317 17 41.9
174 1026 47 69.4
175 1233 47 61.4
176 691 10 15.8
177 1233 51 77.4
178 1387 53 29.3
179 401 45 18.6
180 968 34 85.4
181 1024 20 7.6
182 576 18 12.3
183 480 27 25.0
184 1374 44 97.1
185 941 3 98.5
186 1236 27 6.0
187 672 28 68.3
188 1094 2 21.4
189 1090 38 93.8
190 987 50 26.9
191 264 22 5.2
192 782 17 74.0
193 151 9 73.9
194 1307 14 98.5
195 717 4 63.6
196 1109 39 76.4
197 701 55 86.4
198 982 43 94.9
199 232 8 25.4
